10 6 4
6 6 6 6 6 6 5 6 5 6 
6 3 2 1 6 4 8 4 2 2 8 3 13 1 2 1 6 3 11 6 3 1 9 3 14 4 16 2 2 2 5 4 7 5 2 1 6 2 9 
2 6 3 1 8 3 13 4 15 3 2 1 7 4 9 
6 1 2 1 4 3 9 5 2 1 9 2 12 3 2 1 6 4 8 4 2 2 6 3 11 2 2 2 9 4 11 6 3 1 8 3 13 4 15 
1 2 2 2 9 4 11 
2 6 3 1 6 3 11 4 13 5 2 1 9 2 12 
3 3 2 1 5 4 7 2 2 2 4 4 6 5 2 1 7 2 10 
5 6 3 1 4 3 9 4 11 5 2 1 9 2 12 1 2 1 6 3 11 2 2 2 7 4 9 4 2 2 5 3 10 
2 6 3 1 6 3 11 4 13 5 2 1 9 2 12 
1 5 2 1 5 2 8 
2 2 2 2 7 4 9 3 2 1 6 4 8 
3 3 2 1 5 4 7 2 2 2 4 4 6 5 2 1 7 2 10 
6 3 2 1 6 4 8 4 2 2 8 3 13 1 2 1 6 3 11 6 3 1 9 3 14 4 16 2 2 2 5 4 7 5 2 1 6 2 9 
6 1 2 1 4 3 9 5 2 1 9 2 12 3 2 1 6 4 8 4 2 2 6 3 11 2 2 2 9 4 11 6 3 1 8 3 13 4 15 
6 5 2 1 6 2 9 4 2 2 9 3 14 2 2 2 7 4 9 6 3 1 9 3 14 4 16 3 2 1 9 4 11 1 2 1 5 3 10 
3 3 2 1 5 4 7 2 2 2 4 4 6 5 2 1 7 2 10 
5 3 2 1 8 4 10 1 2 1 7 3 12 2 2 2 6 4 8 6 3 1 6 3 11 4 13 5 2 1 5 2 8 
6 4 2 2 4 3 9 1 2 1 8 3 13 2 2 2 7 4 9 5 2 1 8 2 11 3 2 1 6 4 8 6 3 1 6 3 11 4 13 
5 6 3 1 6 3 11 4 13 1 2 1 7 3 12 4 2 2 9 3 14 3 2 1 9 4 11 5 2 1 6 2 9 
5 3 2 1 8 4 10 1 2 1 7 3 12 2 2 2 6 4 8 6 3 1 6 3 11 4 13 5 2 1 5 2 8 
5 6 3 1 4 3 9 4 11 5 2 1 9 2 12 1 2 1 6 3 11 2 2 2 7 4 9 4 2 2 5 3 10 
1 2 2 2 9 4 11 
6 1 2 1 4 3 9 5 2 1 9 2 12 3 2 1 6 4 8 4 2 2 6 3 11 2 2 2 9 4 11 6 3 1 8 3 13 4 15 
5 1 2 1 7 3 12 4 2 2 8 3 13 2 2 2 6 4 8 6 3 1 6 3 11 4 13 5 2 1 7 2 10 
6 4 2 2 4 3 9 1 2 1 8 3 13 2 2 2 7 4 9 5 2 1 8 2 11 3 2 1 6 4 8 6 3 1 6 3 11 4 13 
6 5 2 1 6 2 9 4 2 2 9 3 14 2 2 2 7 4 9 6 3 1 9 3 14 4 16 3 2 1 9 4 11 1 2 1 5 3 10 
5 1 2 1 7 3 12 4 2 2 8 3 13 2 2 2 6 4 8 6 3 1 6 3 11 4 13 5 2 1 7 2 10 
1 4 2 2 6 3 11 
5 6 3 1 6 3 11 4 13 1 2 1 7 3 12 4 2 2 9 3 14 3 2 1 9 4 11 5 2 1 6 2 9 
5 6 3 1 4 3 9 4 11 5 2 1 9 2 12 1 2 1 6 3 11 2 2 2 7 4 9 4 2 2 5 3 10 
2 2 2 2 7 4 9 3 2 1 6 4 8 
5 6 3 1 6 3 11 4 13 1 2 1 7 3 12 4 2 2 9 3 14 3 2 1 9 4 11 5 2 1 6 2 9 
2 6 3 1 8 3 13 4 15 3 2 1 7 4 9 
5 3 2 1 8 4 10 1 2 1 7 3 12 2 2 2 6 4 8 6 3 1 6 3 11 4 13 5 2 1 5 2 8 
6 5 2 1 6 2 9 4 2 2 9 3 14 2 2 2 7 4 9 6 3 1 9 3 14 4 16 3 2 1 9 4 11 1 2 1 5 3 10 
1 2 2 2 9 4 11 
5 6 3 1 4 3 9 4 11 5 2 1 9 2 12 1 2 1 6 3 11 2 2 2 7 4 9 4 2 2 5 3 10 
6 4 2 2 4 3 9 1 2 1 8 3 13 2 2 2 7 4 9 5 2 1 8 2 11 3 2 1 6 4 8 6 3 1 6 3 11 4 13 
1 5 2 1 5 2 8 
6 5 2 1 6 2 9 4 2 2 9 3 14 2 2 2 7 4 9 6 3 1 9 3 14 4 16 3 2 1 9 4 11 1 2 1 5 3 10 
6 3 2 1 6 4 8 4 2 2 8 3 13 1 2 1 6 3 11 6 3 1 9 3 14 4 16 2 2 2 5 4 7 5 2 1 6 2 9 
5 6 3 1 6 3 11 4 13 1 2 1 7 3 12 4 2 2 9 3 14 3 2 1 9 4 11 5 2 1 6 2 9 
2 2 2 2 7 4 9 3 2 1 6 4 8 
5 3 2 1 8 4 10 1 2 1 7 3 12 2 2 2 6 4 8 6 3 1 6 3 11 4 13 5 2 1 5 2 8 
6 5 2 1 6 2 9 4 2 2 9 3 14 2 2 2 7 4 9 6 3 1 9 3 14 4 16 3 2 1 9 4 11 1 2 1 5 3 10 
5 6 3 1 6 3 11 4 13 1 2 1 7 3 12 4 2 2 9 3 14 3 2 1 9 4 11 5 2 1 6 2 9 
5 1 2 1 7 3 12 4 2 2 8 3 13 2 2 2 6 4 8 6 3 1 6 3 11 4 13 5 2 1 7 2 10 
5 6 3 1 4 3 9 4 11 5 2 1 9 2 12 1 2 1 6 3 11 2 2 2 7 4 9 4 2 2 5 3 10 
1 2 2 2 9 4 11 
2 6 3 1 8 3 13 4 15 3 2 1 7 4 9 
5 6 3 1 4 3 9 4 11 5 2 1 9 2 12 1 2 1 6 3 11 2 2 2 7 4 9 4 2 2 5 3 10 
5 1 2 1 7 3 12 4 2 2 8 3 13 2 2 2 6 4 8 6 3 1 6 3 11 4 13 5 2 1 7 2 10 
2 2 2 2 7 4 9 3 2 1 6 4 8 
1 4 2 2 6 3 11 
6 5 2 1 6 2 9 4 2 2 9 3 14 2 2 2 7 4 9 6 3 1 9 3 14 4 16 3 2 1 9 4 11 1 2 1 5 3 10 
5 6 3 1 6 3 11 4 13 1 2 1 7 3 12 4 2 2 9 3 14 3 2 1 9 4 11 5 2 1 6 2 9 
6 4 2 2 4 3 9 1 2 1 8 3 13 2 2 2 7 4 9 5 2 1 8 2 11 3 2 1 6 4 8 6 3 1 6 3 11 4 13 
2 6 3 1 6 3 11 4 13 5 2 1 9 2 12 
5 6 3 1 4 3 9 4 11 5 2 1 9 2 12 1 2 1 6 3 11 2 2 2 7 4 9 4 2 2 5 3 10 
