9 8 6
4 4 4 4 4 4 4 4 4 
3 1 2 1 250 6.9 3 256 7.2 2 2 2 127 7.7 4 129 8.3 3 1 4 102 10.7 
3 4 2 2 144 9.3 3 150 8.8 2 2 2 134 8.5 4 136 9.1 7 2 4 125 7.7 5 130 8 
3 4 2 2 154 9.3 3 160 8.8 5 2 1 163 8.9 6 171 9.2 7 2 4 202 8.7 5 207 9 
2 7 2 4 212 10.7 5 217 11 8 2 5 150 10 6 158 8.6 
2 1 2 1 217 6.5 3 223 6.8 3 1 4 152 9.3 
2 3 1 4 89 10.1 2 2 2 70 9.3 4 72 9.9 
3 5 2 1 181 7.7 6 189 8 6 3 3 101 6 4 103 7.1 5 108 7.4 7 2 4 152 8.3 5 157 8.6 
2 5 2 1 123 9.3 6 131 9.6 8 2 5 155 7.4 6 163 6 
2 1 2 1 90 7.1 3 96 7.4 2 2 2 66 6.5 4 68 7.1 
3 7 2 4 147 8.9 5 152 9.2 3 1 4 182 10.3 4 2 2 109 8.7 3 115 8.2 
3 4 2 2 194 8.7 3 200 8.2 5 2 1 103 8.1 6 111 8.4 6 3 3 159 7.6 4 161 8.7 5 166 9 
2 6 3 3 176 8.8 4 178 9.9 5 183 10.2 8 2 5 170 8.6 6 178 7.2 
2 1 2 1 90 9.5 3 96 9.8 2 2 2 69 7.7 4 71 8.3 
2 3 1 4 252 7.7 5 2 1 176 7.1 6 184 7.4 
2 4 2 2 149 8.3 3 155 7.8 6 3 3 142 6.2 4 144 7.3 5 149 7.6 
2 5 2 1 253 7.1 6 261 7.4 6 3 3 176 9.8 4 178 10.9 5 183 11.2 
3 2 2 2 127 6.9 4 129 7.5 3 1 4 147 10.3 1 2 1 131 8.5 3 137 8.8 
3 7 2 4 88 10.3 5 93 10.6 4 2 2 69 9.9 3 75 9.4 5 2 1 50 9.1 6 58 9.4 
3 5 2 1 113 9.5 6 121 9.8 6 3 3 91 7.6 4 93 8.7 5 98 9 2 2 2 104 7.7 4 106 8.3 
2 8 2 5 170 10.4 6 178 9 6 3 3 186 7.2 4 188 8.3 5 193 8.6 
3 2 2 2 149 10.1 4 151 10.7 3 1 4 322 9.3 4 2 2 158 6.9 3 164 6.4 
3 4 2 2 154 8.7 3 160 8.2 3 1 4 125 10.9 5 2 1 195 5.7 6 203 6 
3 5 2 1 123 7.9 6 131 8.2 6 3 3 246 8.2 4 248 9.3 5 253 9.6 7 2 4 182 7.3 5 187 7.6 
2 4 2 2 124 8.1 3 130 7.6 7 2 4 52 10.5 5 57 10.8 
2 3 1 4 147 9.7 2 2 2 161 9.7 4 163 10.3 
2 3 1 4 126 7.9 5 2 1 171 8.5 6 179 8.8 
3 5 2 1 148 8.1 6 156 8.4 6 3 3 171 6 4 173 7.1 5 178 7.4 7 2 4 180 7.7 5 185 8 
2 8 2 5 235 10.6 6 243 9.2 5 2 1 143 7.5 6 151 7.8 
2 4 2 2 249 7.7 3 255 7.2 3 1 4 259 9.3 
2 6 3 3 230 6.2 4 232 7.3 5 237 7.6 5 2 1 271 9.3 6 279 9.6 
3 5 2 1 148 7.7 6 156 8 6 3 3 171 7.6 4 173 8.7 5 178 9 7 2 4 180 9.5 5 185 9.8 
2 7 2 4 152 9.5 5 157 9.8 8 2 5 155 8.4 6 163 7 
2 2 2 2 154 7.7 4 156 8.3 3 1 4 152 10.3 
2 3 1 4 182 8.3 4 2 2 224 9.1 3 230 8.6 
2 5 2 1 43 5.7 6 51 6 7 2 4 52 10.1 5 57 10.4 
2 6 3 3 156 9.2 4 158 10.3 5 163 10.6 8 2 5 175 9 6 183 7.6 
1 2 3 1 2 3 1 2 
10 30 60 10 30 60 10 30 
5 6 7 5 6 7 5 6 
12 15 18 23 25 16 