8 7 5
3 3 3 3 3 3 3 3 
3 1 2 1 250 7.9 3 252 8.2 2 2 2 228 8.5 4 234 9.1 3 2 1 103 8.7 4 109 10.1 
3 4 2 2 145 8.1 3 147 7.6 2 2 2 135 7.3 4 141 7.9 7 3 1 126 5.7 3 128 6 5 133 7.4 
3 4 2 2 155 8.7 3 157 8.2 5 2 2 165 8.3 5 170 9.2 7 3 1 203 6.7 3 205 7 5 210 8.4 
2 1 2 1 217 6.3 3 219 6.6 3 2 1 153 5.9 4 159 7.3 
2 3 2 1 90 6.5 4 96 7.9 2 2 2 71 9.9 4 77 10.5 
3 5 2 2 183 7.3 5 188 8.2 6 2 4 101 9.5 5 106 9.8 7 3 1 153 9.3 3 155 9.6 5 160 11 
2 1 2 1 90 8.5 3 92 8.8 2 2 2 67 7.1 4 73 7.7 
3 7 3 1 148 7.7 3 150 8 5 155 9.4 3 2 1 183 6.9 4 189 8.3 4 2 2 110 8.1 3 112 7.6 
3 4 2 2 195 9.7 3 197 9.2 5 2 2 105 8.7 5 110 9.6 6 2 4 159 9.9 5 164 10.2 
2 1 2 1 90 8.3 3 92 8.6 2 2 2 70 9.5 4 76 10.1 
2 3 2 1 253 6.7 4 259 8.1 5 2 2 178 8.1 5 183 9 
2 4 2 2 150 8.3 3 152 7.8 6 2 4 142 10.3 5 147 10.6 
3 2 2 2 128 8.7 4 134 9.3 3 2 1 148 8.9 4 154 10.3 1 2 1 131 6.3 3 133 6.6 
3 7 3 1 89 5.9 3 91 6.2 5 96 7.6 4 2 2 70 6.7 3 72 6.2 5 2 2 52 6.3 5 57 7.2 
3 5 2 2 115 8.7 5 120 9.6 6 2 4 91 7.1 5 96 7.4 2 2 2 105 8.9 4 111 9.5 
3 2 2 2 150 8.3 4 156 8.9 3 2 1 323 7.5 4 329 8.9 4 2 2 159 9.9 3 161 9.4 
3 4 2 2 155 7.3 3 157 6.8 3 2 1 126 8.9 4 132 10.3 5 2 2 197 6.7 5 202 7.6 
3 5 2 2 125 6.5 5 130 7.4 6 2 4 246 7.1 5 251 7.4 7 3 1 183 9.1 3 185 9.4 5 190 10.8 
2 3 2 1 148 8.3 4 154 9.7 2 2 2 162 7.9 4 168 8.5 
2 3 2 1 127 8.1 4 133 9.5 5 2 2 173 7.3 5 178 8.2 
3 5 2 2 150 6.3 5 155 7.2 6 2 4 171 8.1 5 176 8.4 7 3 1 181 6.3 3 183 6.6 5 188 8 
2 4 2 2 250 6.9 3 252 6.4 3 2 1 260 7.3 4 266 8.7 
2 6 2 4 230 9.3 5 235 9.6 5 2 2 273 6.9 5 278 7.8 
3 5 2 2 150 9.9 5 155 10.8 6 2 4 171 10.1 5 176 10.4 7 3 1 181 5.7 3 183 6 5 188 7.4 
1 2 3 1 2 3 1 
10 30 60 10 30 60 10 
5 6 7 5 6 7 5 
12 15 18 23 25 