5 7 5
3 3 3 3 3 
3 1 2 1 150 9.3 3 152 9.6 2 2 2 128 8.9 4 134 9.5 3 2 1 148 7.3 4 154 8.7 
3 4 2 2 145 9.3 3 147 8.8 2 2 2 135 6.9 4 141 7.5 1 2 1 126 7.5 3 128 7.8 
3 4 2 2 155 8.9 3 157 8.4 5 2 2 165 7.9 5 170 8.8 7 3 1 203 6.5 3 205 6.8 5 210 8.2 
2 1 2 1 217 6.5 3 219 6.8 3 2 1 153 6.5 4 159 7.9 
3 3 2 1 90 9.3 4 96 10.7 2 2 2 71 9.7 4 77 10.3 4 2 2 104 10.1 3 106 9.6 
3 5 2 2 183 9.7 5 188 10.6 6 2 4 101 10.3 5 106 10.6 7 3 1 153 6.7 3 155 7 5 160 8.4 
2 1 2 1 90 6.9 3 92 7.2 2 2 2 67 7.9 4 73 8.5 
3 7 3 1 148 8.7 3 150 9 5 155 10.4 3 2 1 183 7.5 4 189 8.9 4 2 2 110 8.7 3 112 8.2 
3 4 2 2 195 9.9 3 197 9.4 5 2 2 105 8.3 5 110 9.2 6 2 4 159 9.3 5 164 9.6 
2 1 2 1 90 7.9 3 92 8.2 2 2 2 70 7.3 4 76 7.9 
2 3 2 1 253 6.5 4 259 7.9 5 2 2 178 7.1 5 183 8 
2 4 2 2 150 8.1 3 152 7.6 6 2 4 142 6.9 5 147 7.2 
3 2 2 2 128 7.5 4 134 8.1 3 2 1 148 6.3 4 154 7.7 1 2 1 131 6.5 3 133 6.8 
3 3 2 1 89 8.9 4 95 10.3 4 2 2 70 6.5 3 72 6 5 2 2 52 8.7 5 57 9.6 
2 5 2 2 115 7.5 5 120 8.4 6 2 4 91 10.3 5 96 10.6 
1 2 3 1 2 3 1 
10 30 60 10 30 60 10 
5 6 7 5 6 7 5 
12 15 18 23 25 