7 7 5
3 3 3 3 3 3 3 
2 1 2 1 250 5.7 3 252 6 2 2 2 228 8.3 4 234 8.9 
3 4 2 2 145 9.9 3 147 9.4 2 2 2 135 8.3 4 141 8.9 7 3 1 126 8.7 3 128 9 5 133 10.4 
3 4 2 2 155 8.5 3 157 8 5 2 2 165 6.5 5 170 7.4 7 3 1 203 5.9 3 205 6.2 5 210 7.6 
2 1 2 1 217 8.5 3 219 8.8 3 2 1 153 5.9 4 159 7.3 
3 3 2 1 90 9.1 4 96 10.5 2 2 2 71 7.9 4 77 8.5 4 2 2 104 8.3 3 106 7.8 
3 5 2 2 183 7.1 5 188 8 6 2 4 101 9.5 5 106 9.8 7 3 1 153 8.5 3 155 8.8 5 160 10.2 
2 1 2 1 90 8.3 3 92 8.6 2 2 2 67 7.3 4 73 7.9 
3 7 3 1 148 7.3 3 150 7.6 5 155 9 3 2 1 183 8.9 4 189 10.3 4 2 2 110 10.3 3 112 9.8 
3 4 2 2 195 8.3 3 197 7.8 5 2 2 105 8.5 5 110 9.4 6 2 4 159 10.5 5 164 10.8 
2 1 2 1 90 9.1 3 92 9.4 2 2 2 70 10.1 4 76 10.7 
2 3 2 1 253 9.5 4 259 10.9 5 2 2 178 6.9 5 183 7.8 
2 4 2 2 150 8.1 3 152 7.6 6 2 4 142 9.5 5 147 9.8 
3 2 2 2 128 8.7 4 134 9.3 3 2 1 148 8.9 4 154 10.3 1 2 1 131 7.3 3 133 7.6 
3 7 3 1 89 8.1 3 91 8.4 5 96 9.8 4 2 2 70 7.1 3 72 6.6 5 2 2 52 8.3 5 57 9.2 
2 5 2 2 115 6.9 5 120 7.8 6 2 4 91 10.9 5 96 11.2 
3 2 2 2 150 8.3 4 156 8.9 3 2 1 323 9.1 4 329 10.5 4 2 2 159 9.3 3 161 8.8 
3 4 2 2 155 8.5 3 157 8 3 2 1 126 7.7 4 132 9.1 5 2 2 197 6.3 5 202 7.2 
3 5 2 2 125 6.7 5 130 7.6 6 2 4 246 9.7 5 251 10 7 3 1 183 8.7 3 185 9 5 190 10.4 
3 3 2 1 148 6.9 4 154 8.3 2 2 2 215 7.5 4 221 8.1 1 2 1 160 8.1 3 162 8.4 
3 3 2 1 127 8.3 4 133 9.7 4 2 2 173 8.5 3 175 8 5 2 2 159 10.3 5 164 11.2 
3 5 2 2 150 6.5 5 155 7.4 6 2 4 171 7.3 5 176 7.6 7 3 1 181 6.5 3 183 6.8 5 188 8.2 
1 2 3 1 2 3 1 
10 30 60 10 30 60 10 
5 6 7 5 6 7 5 
12 15 18 23 25 