6 7 5
3 3 3 3 3 3 
3 1 2 1 150 7.7 3 152 8 2 2 2 128 6.5 4 134 7.1 3 2 1 148 6.5 4 154 7.9 
3 4 2 2 145 6.7 3 147 6.2 2 2 2 135 8.5 4 141 9.1 1 2 1 126 6.5 3 128 6.8 
3 4 2 2 155 9.9 3 157 9.4 5 2 2 165 9.5 5 170 10.4 7 3 1 203 6.3 3 205 6.6 5 210 8 
2 1 2 1 217 9.1 3 219 9.4 3 2 1 153 7.3 4 159 8.7 
3 3 2 1 90 5.9 4 96 7.3 2 2 2 71 9.5 4 77 10.1 4 2 2 104 8.7 3 106 8.2 
3 5 2 2 183 10.3 5 188 11.2 6 2 4 101 10.5 5 106 10.8 7 3 1 153 8.9 3 155 9.2 5 160 10.6 
2 1 2 1 90 9.3 3 92 9.6 2 2 2 67 9.9 4 73 10.5 
3 7 3 1 148 7.7 3 150 8 5 155 9.4 3 2 1 183 7.7 4 189 9.1 4 2 2 110 9.7 3 112 9.2 
3 4 2 2 195 6.9 3 197 6.4 5 2 2 105 6.7 5 110 7.6 6 2 4 159 9.3 5 164 9.6 
2 1 2 1 90 8.1 3 92 8.4 2 2 2 70 7.3 4 76 7.9 
2 3 2 1 253 8.5 4 259 9.9 5 2 2 178 8.9 5 183 9.8 
2 4 2 2 150 10.3 3 152 9.8 6 2 4 142 9.5 5 147 9.8 
3 2 2 2 128 6.5 4 134 7.1 3 2 1 148 8.7 4 154 10.1 1 2 1 131 7.1 3 133 7.4 
3 3 2 1 89 6.3 4 95 7.7 4 2 2 70 10.3 3 72 9.8 5 2 2 52 10.3 5 57 11.2 
2 5 2 2 115 8.3 5 120 9.2 6 2 4 91 8.1 5 96 8.4 
3 2 2 2 150 9.3 4 156 9.9 3 2 1 323 5.7 4 329 7.1 4 2 2 159 7.9 3 161 7.4 
3 4 2 2 155 9.1 3 157 8.6 3 2 1 126 8.7 4 132 10.1 5 2 2 197 6.5 5 202 7.4 
3 5 2 2 125 6.9 5 130 7.8 6 2 4 246 7.1 5 251 7.4 7 3 1 183 8.5 3 185 8.8 5 190 10.2 
1 2 3 1 2 3 1 
10 30 60 10 30 60 10 
5 6 7 5 6 7 5 
12 15 18 23 25 