5 6 4
3 3 3 3 3 
3 1 2 1 150 9.1 3 152 9.4 2 2 2 128 8.9 4 134 9.5 3 2 1 148 8.1 4 154 9.5 
2 4 2 2 145 8.1 3 147 7.6 2 2 2 135 8.7 4 141 9.3 
2 4 2 2 155 9.7 3 157 9.2 5 2 1 163 7.5 2 168 8.3 
2 1 2 1 217 8.7 3 219 9 3 2 1 153 9.3 4 159 10.7 
2 3 2 1 90 7.9 4 96 9.3 2 2 2 71 7.7 4 77 8.3 
2 5 2 1 181 6.7 2 186 7.5 6 2 3 97 6.6 4 103 7.7 
2 1 2 1 90 5.7 3 92 6 2 2 2 67 9.7 4 73 10.3 
2 3 2 1 183 9.1 4 189 10.5 4 2 2 110 9.3 3 112 8.8 
3 4 2 2 195 9.3 3 197 8.8 5 2 1 103 6.9 2 108 7.7 6 2 3 155 6.6 4 161 7.7 
2 1 2 1 90 7.5 3 92 7.8 2 2 2 70 6.3 4 76 6.9 
1 5 2 1 176 8.7 2 181 9.5 
2 4 2 2 150 9.5 3 152 9 6 2 3 138 9.4 4 144 10.5 
3 2 2 2 128 8.5 4 134 9.1 3 2 1 148 7.3 4 154 8.7 1 2 1 131 7.5 3 133 7.8 
3 3 2 1 89 9.3 4 95 10.7 4 2 2 70 9.7 3 72 9.2 5 2 1 50 8.5 2 55 9.3 
2 5 2 1 113 5.9 2 118 6.7 6 2 3 87 8 4 93 9.1 
1 2 3 1 2 3 
10 30 60 10 30 60 
5 6 7 5 6 7 
12 15 18 23 