8 7 5
4 4 4 4 4 4 4 4 
3 1 2 1 250 7.3 3 252 7.6 2 2 2 228 9.9 4 234 10.5 3 2 1 103 8.5 4 109 9.9 
3 4 2 2 145 8.9 3 147 8.4 2 2 2 135 8.3 4 141 8.9 7 3 1 126 6.7 3 128 7 5 133 8.4 
3 4 2 2 155 9.5 3 157 9 5 2 2 165 7.5 5 170 8.4 7 3 1 203 9.1 3 205 9.4 5 210 10.8 
2 7 3 1 213 6.5 3 215 6.8 5 220 8.2 6 2 4 151 7.3 5 156 7.6 
2 1 2 1 217 9.1 3 219 9.4 3 2 1 153 8.1 4 159 9.5 
2 3 2 1 90 5.9 4 96 7.3 2 2 2 71 6.5 4 77 7.1 
3 5 2 2 183 9.9 5 188 10.8 6 2 4 101 6.9 5 106 7.2 7 3 1 153 8.3 3 155 8.6 5 160 10 
2 5 2 2 125 6.9 5 130 7.8 7 3 1 153 6.1 3 155 6.4 5 160 7.8 
2 1 2 1 90 6.1 3 92 6.4 2 2 2 67 9.7 4 73 10.3 
3 7 3 1 148 5.9 3 150 6.2 5 155 7.6 3 2 1 183 9.3 4 189 10.7 4 2 2 110 8.3 3 112 7.8 
3 4 2 2 195 9.7 3 197 9.2 5 2 2 105 9.9 5 110 10.8 6 2 4 159 9.3 5 164 9.6 
2 6 2 4 176 9.9 5 181 10.2 7 3 1 168 5.7 3 170 6 5 175 7.4 
2 1 2 1 90 7.9 3 92 8.2 2 2 2 70 8.7 4 76 9.3 
2 3 2 1 253 6.7 4 259 8.1 5 2 2 178 7.9 5 183 8.8 
2 4 2 2 150 8.9 3 152 8.4 6 2 4 142 7.3 5 147 7.6 
2 5 2 2 255 8.7 5 260 9.6 6 2 4 176 9.9 5 181 10.2 
3 2 2 2 128 6.3 4 134 6.9 3 2 1 148 7.3 4 154 8.7 1 2 1 131 9.3 3 133 9.6 
3 7 3 1 89 8.9 3 91 9.2 5 96 10.6 4 2 2 70 10.1 3 72 9.6 5 2 2 52 7.1 5 57 8 
3 5 2 2 115 8.3 5 120 9.2 6 2 4 91 8.3 5 96 8.6 2 2 2 105 8.7 4 111 9.3 
2 4 2 2 170 6.7 3 172 6.2 6 2 4 186 10.3 5 191 10.6 
3 2 2 2 150 9.5 4 156 10.1 3 2 1 323 8.5 4 329 9.9 4 2 2 159 7.5 3 161 7 
3 4 2 2 155 7.9 3 157 7.4 3 2 1 126 7.1 4 132 8.5 5 2 2 197 9.1 5 202 10 
3 5 2 2 125 7.9 5 130 8.8 6 2 4 246 10.5 5 251 10.8 7 3 1 183 7.5 3 185 7.8 5 190 9.2 
2 4 2 2 125 7.5 3 127 7 7 3 1 53 6.5 3 55 6.8 5 60 8.2 
2 3 2 1 148 7.7 4 154 9.1 2 2 2 162 6.9 4 168 7.5 
2 3 2 1 127 9.3 4 133 10.7 5 2 2 173 9.5 5 178 10.4 
3 5 2 2 150 7.7 5 155 8.6 6 2 4 171 8.7 5 176 9 7 3 1 181 6.5 3 183 6.8 5 188 8.2 
2 7 3 1 233 7.3 3 235 7.6 5 240 9 5 2 2 145 6.7 5 150 7.6 
2 4 2 2 250 7.5 3 252 7 3 2 1 260 9.3 4 266 10.7 
2 6 2 4 230 8.5 5 235 8.8 5 2 2 273 7.7 5 278 8.6 
3 5 2 2 150 9.3 5 155 10.2 6 2 4 171 8.7 5 176 9 7 3 1 181 6.3 3 183 6.6 5 188 8 
2 7 3 1 153 8.9 3 155 9.2 5 160 10.6 6 2 4 156 7.5 5 161 7.8 
1 2 3 1 2 3 1 
10 30 60 10 30 60 10 
5 6 7 5 6 7 5 
12 15 18 23 25 