11 8 6
4 4 4 4 4 4 4 4 4 4 4 
3 1 2 1 250 6.3 3 256 6.6 2 2 2 127 8.5 4 129 9.1 3 1 4 102 7.3 
3 4 2 2 144 7.7 3 150 7.2 2 2 2 134 9.5 4 136 10.1 7 2 4 125 9.7 5 130 10 
3 4 2 2 154 8.9 3 160 8.4 5 2 1 163 9.5 6 171 9.8 7 2 4 202 9.3 5 207 9.6 
2 7 2 4 212 8.7 5 217 9 8 2 5 150 11 6 158 9.6 
2 1 2 1 217 6.5 3 223 6.8 3 1 4 152 10.7 
2 3 1 4 89 9.7 2 2 2 70 6.5 4 72 7.1 
3 5 2 1 181 5.9 6 189 6.2 6 3 3 101 8 4 103 9.1 5 108 9.4 7 2 4 152 7.7 5 157 8 
2 5 2 1 123 5.7 6 131 6 8 2 5 155 10.6 6 163 9.2 
2 1 2 1 90 9.3 3 96 9.6 2 2 2 66 7.1 4 68 7.7 
3 7 2 4 147 8.3 5 152 8.6 3 1 4 182 10.5 4 2 2 109 9.3 3 115 8.8 
3 4 2 2 194 10.3 3 200 9.8 5 2 1 103 7.7 6 111 8 6 3 3 159 6.6 4 161 7.7 5 166 8 
2 6 3 3 176 6.2 4 178 7.3 5 183 7.6 8 2 5 170 11 6 178 9.6 
2 1 2 1 90 8.1 3 96 8.4 2 2 2 69 8.3 4 71 8.9 
2 3 1 4 252 10.3 5 2 1 176 7.3 6 184 7.6 
2 4 2 2 149 10.3 3 155 9.8 6 3 3 142 9.4 4 144 10.5 5 149 10.8 
2 5 2 1 253 8.3 6 261 8.6 6 3 3 176 8.4 4 178 9.5 5 183 9.8 
3 2 2 2 127 10.1 4 129 10.7 3 1 4 147 7.1 1 2 1 131 7.3 3 137 7.6 
3 7 2 4 88 7.3 5 93 7.6 4 2 2 69 9.3 3 75 8.8 5 2 1 50 8.7 6 58 9 
3 5 2 1 113 6.1 6 121 6.4 6 3 3 91 6.6 4 93 7.7 5 98 8 2 2 2 104 8.7 4 106 9.3 
2 8 2 5 170 8.8 6 178 7.4 6 3 3 186 7.6 4 188 8.7 5 193 9 
3 2 2 2 149 6.7 4 151 7.3 3 1 4 322 7.7 4 2 2 158 7.7 3 164 7.2 
3 4 2 2 154 6.5 3 160 6 3 1 4 125 8.7 5 2 1 195 6.9 6 203 7.2 
3 5 2 1 123 8.1 6 131 8.4 6 3 3 246 8.8 4 248 9.9 5 253 10.2 7 2 4 182 7.7 5 187 8 
2 4 2 2 124 9.9 3 130 9.4 7 2 4 52 8.7 5 57 9 
2 3 1 4 147 9.7 2 2 2 161 9.1 4 163 9.7 
2 3 1 4 126 7.7 5 2 1 171 6.3 6 179 6.6 
3 5 2 1 148 6.3 6 156 6.6 6 3 3 171 7.6 4 173 8.7 5 178 9 7 2 4 180 8.7 5 185 9 
2 8 2 5 235 8.8 6 243 7.4 5 2 1 143 6.9 6 151 7.2 
2 4 2 2 249 10.1 3 255 9.6 3 1 4 259 9.5 
2 6 3 3 230 6.2 4 232 7.3 5 237 7.6 5 2 1 271 7.3 6 279 7.6 
3 5 2 1 148 7.1 6 156 7.4 6 3 3 171 8.2 4 173 9.3 5 178 9.6 7 2 4 180 10.9 5 185 11.2 
2 7 2 4 152 8.1 5 157 8.4 8 2 5 155 7.8 6 163 6.4 
2 2 2 2 154 7.5 4 156 8.1 3 1 4 152 8.9 
2 3 1 4 182 10.5 4 2 2 224 8.3 3 230 7.8 
2 5 2 1 43 8.9 6 51 9.2 7 2 4 52 10.5 5 57 10.8 
2 6 3 3 156 7.8 4 158 8.9 5 163 9.2 8 2 5 175 10.2 6 183 8.8 
2 4 2 2 249 10.1 3 255 9.6 3 1 4 259 7.1 
2 6 3 3 230 6.8 4 232 7.9 5 237 8.2 5 2 1 271 9.1 6 279 9.4 
3 5 2 1 148 8.7 6 156 9 6 3 3 171 8 4 173 9.1 5 178 9.4 7 2 4 180 9.9 5 185 10.2 
2 7 2 4 152 8.3 5 157 8.6 8 2 5 155 10.4 6 163 9 
2 2 2 2 154 9.5 4 156 10.1 3 1 4 152 10.1 
2 3 1 4 182 8.3 4 2 2 224 7.3 3 230 6.8 
2 5 2 1 43 7.3 6 51 7.6 7 2 4 52 10.1 5 57 10.4 
2 6 3 3 156 9.4 4 158 10.5 5 163 10.8 8 2 5 175 9.2 6 183 7.8 
1 2 3 1 2 3 1 2 
10 30 60 10 30 60 10 30 
5 6 7 5 6 7 5 6 
12 15 18 23 25 16 