12 8 6
4 4 4 4 4 4 4 4 4 4 4 4 
3 1 2 1 250 5.5 3 256 5.8 2 2 2 227 6.9 4 229 7.5 3 1 4 102 8.7 
3 4 2 2 144 8.3 3 150 7.8 2 2 2 134 8.3 4 136 8.9 7 2 4 125 7.9 5 130 8.2 
3 4 2 2 154 8.9 3 160 8.4 5 2 1 163 8.3 6 171 8.6 7 2 4 202 8.1 5 207 8.4 
2 7 2 4 212 8.5 5 217 8.8 8 2 5 150 9.6 6 158 8.2 
2 1 2 1 217 6.5 3 223 6.8 3 1 4 152 10.5 
2 3 1 4 89 9.1 2 2 2 70 8.9 4 72 9.5 
3 5 2 1 181 7.7 6 189 8 6 3 3 101 8 4 103 9.1 5 108 9.4 7 2 4 152 9.7 5 157 10 
2 5 2 1 123 6.1 6 131 6.4 8 2 5 155 10.8 6 163 9.4 
2 1 2 1 90 6.5 3 96 6.8 2 2 2 66 8.5 4 68 9.1 
3 7 2 4 147 7.1 5 152 7.4 3 1 4 182 8.7 4 2 2 109 6.7 3 115 6.2 
3 4 2 2 194 6.9 3 200 6.4 5 2 1 103 7.3 6 111 7.6 6 3 3 159 9.4 4 161 10.5 5 166 10.8 
2 6 3 3 176 9.8 4 178 10.9 5 183 11.2 8 2 5 170 8 6 178 6.6 
2 1 2 1 90 5.9 3 96 6.2 2 2 2 69 7.5 4 71 8.1 
2 3 1 4 252 10.5 5 2 1 176 6.9 6 184 7.2 
2 4 2 2 149 8.5 3 155 8 6 3 3 142 6.2 4 144 7.3 5 149 7.6 
2 5 2 1 253 7.1 6 261 7.4 6 3 3 176 7.8 4 178 8.9 5 183 9.2 
3 2 2 2 127 9.9 4 129 10.5 3 1 4 147 9.5 1 2 1 131 7.1 3 137 7.4 
3 7 2 4 88 7.5 5 93 7.8 4 2 2 69 8.9 3 75 8.4 5 2 1 50 8.5 6 58 8.8 
3 5 2 1 113 7.3 6 121 7.6 6 3 3 91 6.2 4 93 7.3 5 98 7.6 2 2 2 104 8.5 4 106 9.1 
2 8 2 5 170 8.2 6 178 6.8 6 3 3 186 8.4 4 188 9.5 5 193 9.8 
3 2 2 2 149 8.7 4 151 9.3 3 1 4 322 9.7 4 2 2 158 8.5 3 164 8 
3 4 2 2 154 10.3 3 160 9.8 3 1 4 125 8.1 5 2 1 195 8.7 6 203 9 
3 5 2 1 123 8.3 6 131 8.6 6 3 3 246 9.6 4 248 10.7 5 253 11 7 2 4 182 7.7 5 187 8 
2 4 2 2 124 8.3 3 130 7.8 7 2 4 52 8.9 5 57 9.2 
2 3 1 4 147 8.5 2 2 2 161 8.3 4 163 8.9 
2 3 1 4 126 8.9 5 2 1 171 7.9 6 179 8.2 
3 5 2 1 148 7.3 6 156 7.6 6 3 3 171 8.4 4 173 9.5 5 178 9.8 7 2 4 180 7.9 5 185 8.2 
2 8 2 5 235 8 6 243 6.6 5 2 1 143 5.7 6 151 6 
2 4 2 2 249 9.9 3 255 9.4 3 1 4 259 9.3 
2 6 3 3 230 8 4 232 9.1 5 237 9.4 5 2 1 271 8.9 6 279 9.2 
3 5 2 1 148 5.5 6 156 5.8 6 3 3 171 8 4 173 9.1 5 178 9.4 7 2 4 180 7.1 5 185 7.4 
2 7 2 4 152 10.7 5 157 11 8 2 5 155 8.4 6 163 7 
2 2 2 2 154 10.1 4 156 10.7 3 1 4 152 9.7 
2 3 1 4 182 10.5 4 2 2 224 8.7 3 230 8.2 
2 5 2 1 43 7.5 6 51 7.8 7 2 4 52 9.9 5 57 10.2 
2 6 3 3 156 9.2 4 158 10.3 5 163 10.6 8 2 5 175 9 6 183 7.6 
2 4 2 2 249 10.1 3 255 9.6 3 1 4 259 9.5 
2 6 3 3 230 6.2 4 232 7.3 5 237 7.6 5 2 1 271 5.9 6 279 6.2 
3 5 2 1 148 8.1 6 156 8.4 6 3 3 171 7.6 4 173 8.7 5 178 9 7 2 4 180 9.5 5 185 9.8 
2 7 2 4 152 9.1 5 157 9.4 8 2 5 155 10.2 6 163 8.8 
2 2 2 2 154 9.5 4 156 10.1 3 1 4 152 10.1 
2 3 1 4 182 8.1 4 2 2 224 8.3 3 230 7.8 
2 5 2 1 43 6.1 6 51 6.4 7 2 4 52 7.9 5 57 8.2 
2 6 3 3 156 7.4 4 158 8.5 5 163 8.8 8 2 5 175 7.6 6 183 6.2 
2 3 1 4 347 8.5 2 2 2 361 10.1 4 363 10.7 
2 3 1 4 226 9.1 5 2 1 271 8.9 6 279 9.2 
3 5 2 1 148 7.9 6 156 8.2 6 3 3 171 6.8 4 173 7.9 5 178 8.2 7 2 4 180 8.5 5 185 8.8 
2 8 2 5 235 7.8 6 243 6.4 5 2 1 343 7.5 6 351 7.8 
1 2 3 1 2 3 1 2 
10 30 60 10 30 60 10 30 
5 6 7 5 6 7 5 6 
12 15 18 23 25 16 