7 7 5
3 3 3 3 3 3 3 
3 1 2 1 250 8.5 3 252 8.8 2 2 2 228 8.9 4 234 9.5 3 2 1 103 7.1 4 109 8.5 
3 4 2 2 145 7.9 3 147 7.4 2 2 2 135 8.1 4 141 8.7 7 3 1 126 6.9 3 128 7.2 5 133 8.6 
3 4 2 2 155 8.3 3 157 7.8 5 2 2 165 8.5 5 170 9.4 7 3 1 203 5.5 3 205 5.8 5 210 7.2 
2 1 2 1 217 8.1 3 219 8.4 3 2 1 153 7.1 4 159 8.5 
2 3 2 1 90 5.7 4 96 7.1 2 2 2 71 7.1 4 77 7.7 
3 5 2 2 183 9.7 5 188 10.6 6 2 4 101 10.5 5 106 10.8 7 3 1 153 6.9 3 155 7.2 5 160 8.6 
2 1 2 1 90 8.7 3 92 9 2 2 2 67 7.3 4 73 7.9 
3 7 3 1 148 7.7 3 150 8 5 155 9.4 3 2 1 183 9.5 4 189 10.9 4 2 2 110 8.5 3 112 8 
3 4 2 2 195 6.5 3 197 6 5 2 2 105 6.7 5 110 7.6 6 2 4 159 8.1 5 164 8.4 
2 1 2 1 90 7.9 3 92 8.2 2 2 2 70 9.1 4 76 9.7 
2 3 2 1 253 7.1 4 259 8.5 5 2 2 178 9.7 5 183 10.6 
2 4 2 2 150 6.7 3 152 6.2 6 2 4 142 8.5 5 147 8.8 
3 2 2 2 128 9.5 4 134 10.1 3 2 1 148 8.9 4 154 10.3 1 2 1 131 5.5 3 133 5.8 
3 7 3 1 89 5.9 3 91 6.2 5 96 7.6 4 2 2 70 7.5 3 72 7 5 2 2 52 8.3 5 57 9.2 
3 5 2 2 115 6.9 5 120 7.8 6 2 4 91 8.9 5 96 9.2 2 2 2 105 10.1 4 111 10.7 
3 2 2 2 150 6.5 4 156 7.1 3 2 1 323 9.3 4 329 10.7 4 2 2 159 8.7 3 161 8.2 
3 4 2 2 155 7.3 3 157 6.8 3 2 1 126 8.5 4 132 9.9 5 2 2 197 9.7 5 202 10.6 
3 5 2 2 125 8.7 5 130 9.6 6 2 4 246 10.1 5 251 10.4 7 3 1 183 5.9 3 185 6.2 5 190 7.6 
2 3 2 1 148 9.3 4 154 10.7 2 2 2 162 9.3 4 168 9.9 
2 3 2 1 127 8.7 4 133 10.1 5 2 2 173 9.7 5 178 10.6 
3 5 2 2 150 6.5 5 155 7.4 6 2 4 171 10.5 5 176 10.8 7 3 1 181 6.9 3 183 7.2 5 188 8.6 
1 2 3 1 2 3 1 
10 30 60 10 30 60 10 
5 6 7 5 6 7 5 
12 15 18 23 25 