10 15 8
15 15 15 15 15 15 15 15 15 15 
4 2 2 2 13 7.5 4 17 8.1 6 2 3 6 7.6 5 9 9 7 2 2 7 8.9 5 10 9.8 9 2 4 9 9.1 7 12 7.4 
2 9 2 4 11 7.7 7 14 6 1 2 1 4 8.1 8 10 8.6 
5 7 2 2 9 7.5 5 12 8.4 1 2 1 6 7.1 8 12 7.6 9 2 4 5 8.7 7 8 7 2 2 2 12 7.3 4 16 7.9 10 3 1 6 7.9 6 13 8.2 8 19 8.4 
2 1 2 1 3 8.1 8 9 8.6 8 3 1 4 8.7 5 7 10.4 6 14 9 
3 7 2 2 10 9.9 5 13 10.8 3 2 3 11 6.8 8 17 7 5 1 6 15 7 
5 1 2 1 5 7.9 8 11 8.4 8 3 1 10 7.1 5 13 8.8 6 20 7.4 2 2 2 10 9.3 4 14 9.9 3 2 3 11 6.2 8 17 6.4 10 3 1 11 6.7 6 18 7 8 24 7.2 
3 5 1 6 13 8 1 2 1 3 8.1 8 9 8.6 6 2 3 5 8.6 5 8 10 
5 2 2 2 10 9.3 4 14 9.9 1 2 1 11 6.7 8 17 7.2 9 2 4 5 10.5 7 8 8.8 5 1 6 14 6.4 4 2 3 9 6.2 7 12 5.6 
2 10 3 1 8 6.9 6 15 7.2 8 21 7.4 1 2 1 4 8.9 8 10 9.4 
2 7 2 2 14 9.5 5 17 10.4 5 1 6 13 7.4 
2 4 2 3 11 9 7 14 8.4 7 2 2 7 9.7 5 10 10.6 
5 2 2 2 6 6.7 4 10 7.3 5 1 6 15 5.8 4 2 3 5 8.8 7 8 8.2 1 2 1 10 8.9 8 16 9.4 3 2 3 10 8.8 8 16 9 
3 10 3 1 4 6.1 6 11 6.4 8 17 6.6 8 3 1 11 8.1 5 14 9.8 6 21 8.4 4 2 3 8 8.8 7 11 8.2 
3 7 2 2 10 9.3 5 13 10.2 3 2 3 10 9.4 8 16 9.6 9 2 4 7 7.9 7 10 6.2 
3 9 2 4 8 7.9 7 11 6.2 5 1 6 15 6.2 1 2 1 3 7.7 8 9 8.2 
5 1 2 1 5 7.3 8 11 7.8 8 3 1 10 9.3 5 13 11 6 20 9.6 2 2 2 10 10.1 4 14 10.7 3 2 3 11 7 8 17 7.2 10 3 1 11 7.3 6 18 7.6 8 24 7.8 
5 7 2 2 9 7.1 5 12 8 1 2 1 6 5.9 8 12 6.4 9 2 4 5 7.9 7 8 6.2 2 2 2 12 7.1 4 16 7.7 10 3 1 6 6.3 6 13 6.6 8 19 6.8 
3 5 1 6 13 8.2 1 2 1 3 8.5 8 9 9 6 2 3 5 8.4 5 8 9.8 
5 2 2 2 6 7.9 4 10 8.5 5 1 6 15 8.6 4 2 3 5 5.8 7 8 5.2 1 2 1 10 5.7 8 16 6.2 3 2 3 10 9.6 8 16 9.8 
2 4 2 3 11 9.8 7 14 9.2 7 2 2 7 7.9 5 10 8.8 
2 10 3 1 8 9.1 6 15 9.4 8 21 9.6 1 2 1 4 5.7 8 10 6.2 
3 10 3 1 4 7.3 6 11 7.6 8 17 7.8 8 3 1 11 7.7 5 14 9.4 6 21 8 4 2 3 8 7.2 7 11 6.6 
2 7 2 2 14 7.9 5 17 8.8 5 1 6 13 7.4 
3 7 2 2 10 6.5 5 13 7.4 3 2 3 10 8.4 8 16 8.6 9 2 4 7 9.9 7 10 8.2 
3 7 2 2 10 7.1 5 13 8 3 2 3 11 9.6 8 17 9.8 5 1 6 15 7 
3 9 2 4 8 7.3 7 11 5.6 5 1 6 15 9 1 2 1 3 9.1 8 9 9.6 
2 9 2 4 11 9.3 7 14 7.6 1 2 1 4 6.5 8 10 7 
2 1 2 1 3 9.1 8 9 9.6 8 3 1 4 5.7 5 7 7.4 6 14 6 
4 2 2 2 13 6.3 4 17 6.9 6 2 3 6 9 5 9 10.4 7 2 2 7 6.5 5 10 7.4 9 2 4 9 8.3 7 12 6.6 
5 2 2 2 10 9.9 4 14 10.5 1 2 1 11 7.1 8 17 7.6 9 2 4 5 7.1 7 8 5.4 5 1 6 14 7 4 2 3 9 6.8 7 12 6.2 
2 1 2 1 3 8.1 8 9 8.6 8 3 1 4 6.9 5 7 8.6 6 14 7.2 
2 7 2 2 14 6.9 5 17 7.8 5 1 6 13 6 
2 10 3 1 8 6.9 6 15 7.2 8 21 7.4 1 2 1 4 9.1 8 10 9.6 
2 4 2 3 11 8.8 7 14 8.2 7 2 2 7 9.7 5 10 10.6 
5 2 2 2 6 10.3 4 10 10.9 5 1 6 15 9.4 4 2 3 5 7 7 8 6.4 1 2 1 10 5.5 8 16 6 3 2 3 10 7 8 16 7.2 
3 9 2 4 8 9.3 7 11 7.6 5 1 6 15 7.4 1 2 1 3 9.1 8 9 9.6 
2 9 2 4 11 9.5 7 14 7.8 1 2 1 4 6.5 8 10 7 
3 7 2 2 10 8.9 5 13 9.8 3 2 3 10 9 8 16 9.2 9 2 4 7 7.7 7 10 6 
5 7 2 2 9 6.3 5 12 7.2 1 2 1 6 8.1 8 12 8.6 9 2 4 5 10.7 7 8 9 2 2 2 12 6.3 4 16 6.9 10 3 1 6 7.5 6 13 7.8 8 19 8 
4 2 2 2 13 8.5 4 17 9.1 6 2 3 6 6.4 5 9 7.8 7 2 2 7 7.5 5 10 8.4 9 2 4 9 9.5 7 12 7.8 
5 1 2 1 5 8.9 8 11 9.4 8 3 1 10 6.5 5 13 8.2 6 20 6.8 2 2 2 10 8.3 4 14 8.9 3 2 3 11 6.6 8 17 6.8 10 3 1 11 6.5 6 18 6.8 8 24 7 
3 10 3 1 4 9.1 6 11 9.4 8 17 9.6 8 3 1 11 6.7 5 14 8.4 6 21 7 4 2 3 8 6.6 7 11 6 
5 2 2 2 10 6.5 4 14 7.1 1 2 1 11 9.3 8 17 9.8 9 2 4 5 9.1 7 8 7.4 5 1 6 14 9.2 4 2 3 9 9.2 7 12 8.6 
3 5 1 6 13 9.6 1 2 1 3 7.1 8 9 7.6 6 2 3 5 9.6 5 8 11 
3 7 2 2 10 6.9 5 13 7.8 3 2 3 11 8.4 8 17 8.6 5 1 6 15 7.4 
3 5 1 6 13 6 1 2 1 3 6.1 8 9 6.6 6 2 3 5 9.2 5 8 10.6 
5 2 2 2 10 9.5 4 14 10.1 1 2 1 11 8.1 8 17 8.6 9 2 4 5 9.9 7 8 8.2 5 1 6 14 6.6 4 2 3 9 6.8 7 12 6.2 
5 1 2 1 5 8.3 8 11 8.8 8 3 1 10 7.1 5 13 8.8 6 20 7.4 2 2 2 10 10.1 4 14 10.7 3 2 3 11 9.8 8 17 10 10 3 1 11 8.7 6 18 9 8 24 9.2 
5 2 2 2 6 8.7 4 10 9.3 5 1 6 15 6.6 4 2 3 5 6.8 7 8 6.2 1 2 1 10 5.9 8 16 6.4 3 2 3 10 6.2 8 16 6.4 
2 4 2 3 11 5.8 7 14 5.2 7 2 2 7 8.3 5 10 9.2 
2 10 3 1 8 9.3 6 15 9.6 8 21 9.8 1 2 1 4 9.1 8 10 9.6 
3 7 2 2 10 9.1 5 13 10 3 2 3 11 7.6 8 17 7.8 5 1 6 15 7.2 
2 9 2 4 11 9.9 7 14 8.2 1 2 1 4 6.5 8 10 7 
3 7 2 2 10 7.7 5 13 8.6 3 2 3 10 7.2 8 16 7.4 9 2 4 7 10.1 7 10 8.4 
3 9 2 4 8 7.1 7 11 5.4 5 1 6 15 6.8 1 2 1 3 7.5 8 9 8 
4 2 2 2 13 7.9 4 17 8.5 6 2 3 6 9.2 5 9 10.6 7 2 2 7 6.7 5 10 7.6 9 2 4 9 10.1 7 12 8.4 
2 1 2 1 3 6.5 8 9 7 8 3 1 4 7.1 5 7 8.8 6 14 7.4 
5 7 2 2 9 6.9 5 12 7.8 1 2 1 6 8.1 8 12 8.6 9 2 4 5 7.3 7 8 5.6 2 2 2 12 8.1 4 16 8.7 10 3 1 6 7.9 6 13 8.2 8 19 8.4 
2 7 2 2 14 7.9 5 17 8.8 5 1 6 13 9 
3 10 3 1 4 7.1 6 11 7.4 8 17 7.6 8 3 1 11 6.3 5 14 8 6 21 6.6 4 2 3 8 9 7 11 8.4 
3 10 3 1 4 6.5 6 11 6.8 8 17 7 8 3 1 11 5.9 5 14 7.6 6 21 6.2 4 2 3 8 9.4 7 11 8.8 
2 1 2 1 3 8.3 8 9 8.8 8 3 1 4 7.3 5 7 9 6 14 7.6 
3 9 2 4 8 7.1 7 11 5.4 5 1 6 15 8.8 1 2 1 3 6.7 8 9 7.2 
2 9 2 4 11 10.9 7 14 9.2 1 2 1 4 7.1 8 10 7.6 
3 7 2 2 10 6.7 5 13 7.6 3 2 3 11 7 8 17 7.2 5 1 6 15 6.2 
5 2 2 2 6 8.3 4 10 8.9 5 1 6 15 6.4 4 2 3 5 8.4 7 8 7.8 1 2 1 10 8.7 8 16 9.2 3 2 3 10 9.6 8 16 9.8 
3 5 1 6 13 8.4 1 2 1 3 6.1 8 9 6.6 6 2 3 5 6 5 8 7.4 
3 7 2 2 10 8.7 5 13 9.6 3 2 3 10 6.8 8 16 7 9 2 4 7 7.1 7 10 5.4 
4 2 2 2 13 8.1 4 17 8.7 6 2 3 6 8.6 5 9 10 7 2 2 7 8.1 5 10 9 9 2 4 9 9.1 7 12 7.4 
2 10 3 1 8 7.1 6 15 7.4 8 21 7.6 1 2 1 4 7.5 8 10 8 
5 7 2 2 9 6.9 5 12 7.8 1 2 1 6 8.7 8 12 9.2 9 2 4 5 8.5 7 8 6.8 2 2 2 12 9.1 4 16 9.7 10 3 1 6 7.5 6 13 7.8 8 19 8 
2 7 2 2 14 7.5 5 17 8.4 5 1 6 13 9.4 
5 2 2 2 10 10.1 4 14 10.7 1 2 1 11 6.1 8 17 6.6 9 2 4 5 10.5 7 8 8.8 5 1 6 14 6.6 4 2 3 9 6.4 7 12 5.8 
5 1 2 1 5 8.3 8 11 8.8 8 3 1 10 8.9 5 13 10.6 6 20 9.2 2 2 2 10 6.7 4 14 7.3 3 2 3 11 7.4 8 17 7.6 10 3 1 11 5.9 6 18 6.2 8 24 6.4 
2 4 2 3 11 9 7 14 8.4 7 2 2 7 6.7 5 10 7.6 
3 7 2 2 10 9.7 5 13 10.6 3 2 3 11 6.4 8 17 6.6 5 1 6 15 9.2 
5 1 2 1 5 9.1 8 11 9.6 8 3 1 10 6.9 5 13 8.6 6 20 7.2 2 2 2 10 10.1 4 14 10.7 3 2 3 11 6 8 17 6.2 10 3 1 11 5.7 6 18 6 8 24 6.2 
2 7 2 2 14 7.1 5 17 8 5 1 6 13 7.8 
3 5 1 6 13 7.8 1 2 1 3 8.3 8 9 8.8 6 2 3 5 7.8 5 8 9.2 
5 2 2 2 10 6.5 4 14 7.1 1 2 1 11 9.5 8 17 10 9 2 4 5 8.9 7 8 7.2 5 1 6 14 9.4 4 2 3 9 7.2 7 12 6.6 
2 4 2 3 11 6.8 7 14 6.2 7 2 2 7 8.7 5 10 9.6 
2 9 2 4 11 9.7 7 14 8 1 2 1 4 8.5 8 10 9 
5 2 2 2 6 6.7 4 10 7.3 5 1 6 15 8.2 4 2 3 5 6.8 7 8 6.2 1 2 1 10 8.9 8 16 9.4 3 2 3 10 7.2 8 16 7.4 
5 7 2 2 9 6.3 5 12 7.2 1 2 1 6 8.7 8 12 9.2 9 2 4 5 7.5 7 8 5.8 2 2 2 12 7.7 4 16 8.3 10 3 1 6 9.5 6 13 9.8 8 19 10 
4 2 2 2 13 6.9 4 17 7.5 6 2 3 6 7.4 5 9 8.8 7 2 2 7 6.9 5 10 7.8 9 2 4 9 8.3 7 12 6.6 
2 1 2 1 3 7.3 8 9 7.8 8 3 1 4 6.9 5 7 8.6 6 14 7.2 
3 7 2 2 10 7.5 5 13 8.4 3 2 3 10 6.8 8 16 7 9 2 4 7 9.7 7 10 8 
2 10 3 1 8 6.5 6 15 6.8 8 21 7 1 2 1 4 6.9 8 10 7.4 
3 9 2 4 8 7.5 7 11 5.8 5 1 6 15 9.6 1 2 1 3 6.1 8 9 6.6 
3 10 3 1 4 6.9 6 11 7.2 8 17 7.4 8 3 1 11 7.7 5 14 9.4 6 21 8 4 2 3 8 7 7 11 6.4 
3 5 1 6 13 9.8 1 2 1 3 7.7 8 9 8.2 6 2 3 5 6 5 8 7.4 
3 10 3 1 4 6.5 6 11 6.8 8 17 7 8 3 1 11 5.9 5 14 7.6 6 21 6.2 4 2 3 8 7.6 7 11 7 
3 7 2 2 10 7.9 5 13 8.8 3 2 3 11 7.8 8 17 8 5 1 6 15 6.4 
5 1 2 1 5 7.7 8 11 8.2 8 3 1 10 7.3 5 13 9 6 20 7.6 2 2 2 10 7.5 4 14 8.1 3 2 3 11 9.8 8 17 10 10 3 1 11 7.5 6 18 7.8 8 24 8 
2 1 2 1 3 9.3 8 9 9.8 8 3 1 4 7.9 5 7 9.6 6 14 8.2 
2 9 2 4 11 7.9 7 14 6.2 1 2 1 4 9.1 8 10 9.6 
5 2 2 2 6 10.1 4 10 10.7 5 1 6 15 8 4 2 3 5 9 7 8 8.4 1 2 1 10 7.7 8 16 8.2 3 2 3 10 8.8 8 16 9 
3 7 2 2 10 8.7 5 13 9.6 3 2 3 10 7.4 8 16 7.6 9 2 4 7 10.5 7 10 8.8 
5 7 2 2 9 7.5 5 12 8.4 1 2 1 6 5.7 8 12 6.2 9 2 4 5 10.5 7 8 8.8 2 2 2 12 8.9 4 16 9.5 10 3 1 6 5.7 6 13 6 8 19 6.2 
3 9 2 4 8 9.3 7 11 7.6 5 1 6 15 6.4 1 2 1 3 8.7 8 9 9.2 
2 10 3 1 8 8.7 6 15 9 8 21 9.2 1 2 1 4 6.9 8 10 7.4 
4 2 2 2 13 6.7 4 17 7.3 6 2 3 6 7.6 5 9 9 7 2 2 7 7.5 5 10 8.4 9 2 4 9 9.3 7 12 7.6 
2 7 2 2 14 9.9 5 17 10.8 5 1 6 13 7.6 
2 4 2 3 11 7 7 14 6.4 7 2 2 7 8.9 5 10 9.8 
5 2 2 2 10 7.7 4 14 8.3 1 2 1 11 6.1 8 17 6.6 9 2 4 5 7.3 7 8 5.6 5 1 6 14 8.6 4 2 3 9 8.8 7 12 8.2 
5 7 2 2 9 8.1 5 12 9 1 2 1 6 5.7 8 12 6.2 9 2 4 5 9.1 7 8 7.4 2 2 2 12 7.3 4 16 7.9 10 3 1 6 7.1 6 13 7.4 8 19 7.6 
3 7 2 2 10 6.9 5 13 7.8 3 2 3 10 9.4 8 16 9.6 9 2 4 7 8.7 7 10 7 
3 7 2 2 10 10.1 5 13 11 3 2 3 11 7 8 17 7.2 5 1 6 15 7.8 
2 1 2 1 3 8.9 8 9 9.4 8 3 1 4 9.1 5 7 10.8 6 14 9.4 
3 5 1 6 13 6.6 1 2 1 3 9.3 8 9 9.8 6 2 3 5 6.2 5 8 7.6 
5 2 2 2 10 7.3 4 14 7.9 1 2 1 11 8.3 8 17 8.8 9 2 4 5 7.3 7 8 5.6 5 1 6 14 9 4 2 3 9 8.6 7 12 8 
3 10 3 1 4 7.1 6 11 7.4 8 17 7.6 8 3 1 11 7.5 5 14 9.2 6 21 7.8 4 2 3 8 8.6 7 11 8 
3 9 2 4 8 7.1 7 11 5.4 5 1 6 15 8 1 2 1 3 6.5 8 9 7 
2 9 2 4 11 8.1 7 14 6.4 1 2 1 4 9.1 8 10 9.6 
4 2 2 2 13 7.1 4 17 7.7 6 2 3 6 8.4 5 9 9.8 7 2 2 7 6.7 5 10 7.6 9 2 4 9 10.1 7 12 8.4 
5 1 2 1 5 6.7 8 11 7.2 8 3 1 10 6.5 5 13 8.2 6 20 6.8 2 2 2 10 6.5 4 14 7.1 3 2 3 11 6.8 8 17 7 10 3 1 11 8.7 6 18 9 8 24 9.2 
2 4 2 3 11 7.6 7 14 7 7 2 2 7 6.3 5 10 7.2 
2 10 3 1 8 9.1 6 15 9.4 8 21 9.6 1 2 1 4 8.5 8 10 9 
5 2 2 2 6 6.7 4 10 7.3 5 1 6 15 7.6 4 2 3 5 8.8 7 8 8.2 1 2 1 10 5.9 8 16 6.4 3 2 3 10 7.8 8 16 8 
2 7 2 2 14 8.1 5 17 9 5 1 6 13 8.4 
4 2 2 2 13 8.7 4 17 9.3 6 2 3 6 8.4 5 9 9.8 7 2 2 7 9.5 5 10 10.4 9 2 4 9 7.9 7 12 6.2 
3 9 2 4 8 9.9 7 11 8.2 5 1 6 15 8.2 1 2 1 3 8.1 8 9 8.6 
3 7 2 2 10 8.5 5 13 9.4 3 2 3 11 8.4 8 17 8.6 5 1 6 15 7 
5 7 2 2 9 9.5 5 12 10.4 1 2 1 6 7.7 8 12 8.2 9 2 4 5 10.3 7 8 8.6 2 2 2 12 6.7 4 16 7.3 10 3 1 6 8.9 6 13 9.2 8 19 9.4 
5 2 2 2 6 9.3 4 10 9.9 5 1 6 15 9 4 2 3 5 8.2 7 8 7.6 1 2 1 10 8.1 8 16 8.6 3 2 3 10 6.4 8 16 6.6 
2 4 2 3 11 8.4 7 14 7.8 7 2 2 7 9.3 5 10 10.2 
2 9 2 4 11 10.5 7 14 8.8 1 2 1 4 7.3 8 10 7.8 
3 10 3 1 4 8.9 6 11 9.2 8 17 9.4 8 3 1 11 5.9 5 14 7.6 6 21 6.2 4 2 3 8 9.4 7 11 8.8 
5 1 2 1 5 5.9 8 11 6.4 8 3 1 10 7.9 5 13 9.6 6 20 8.2 2 2 2 10 7.3 4 14 7.9 3 2 3 11 9 8 17 9.2 10 3 1 11 7.5 6 18 7.8 8 24 8 
2 10 3 1 8 5.7 6 15 6 8 21 6.2 1 2 1 4 7.3 8 10 7.8 
5 2 2 2 10 6.5 4 14 7.1 1 2 1 11 8.1 8 17 8.6 9 2 4 5 8.1 7 8 6.4 5 1 6 14 6 4 2 3 9 6.8 7 12 6.2 
3 7 2 2 10 7.1 5 13 8 3 2 3 10 7 8 16 7.2 9 2 4 7 9.3 7 10 7.6 
2 7 2 2 14 8.3 5 17 9.2 5 1 6 13 9.6 
2 1 2 1 3 8.3 8 9 8.8 8 3 1 4 7.7 5 7 9.4 6 14 8 
3 5 1 6 13 7.6 1 2 1 3 6.3 8 9 6.8 6 2 3 5 9.4 5 8 10.8 
2 1 2 1 3 7.7 8 9 8.2 8 3 1 4 6.3 5 7 8 6 14 6.6 
4 2 2 2 13 8.9 4 17 9.5 6 2 3 6 6.4 5 9 7.8 7 2 2 7 6.9 5 10 7.8 9 2 4 9 8.3 7 12 6.6 
3 10 3 1 4 8.5 6 11 8.8 8 17 9 8 3 1 11 6.1 5 14 7.8 6 21 6.4 4 2 3 8 8 7 11 7.4 
3 7 2 2 10 6.7 5 13 7.6 3 2 3 11 6 8 17 6.2 5 1 6 15 7.2 
3 7 2 2 10 7.1 5 13 8 3 2 3 10 6.6 8 16 6.8 9 2 4 7 7.1 7 10 5.4 
2 10 3 1 8 8.1 6 15 8.4 8 21 8.6 1 2 1 4 8.9 8 10 9.4 
2 7 2 2 14 6.9 5 17 7.8 5 1 6 13 8.6 
3 9 2 4 8 8.3 7 11 6.6 5 1 6 15 7.6 1 2 1 3 6.3 8 9 6.8 
5 7 2 2 9 8.9 5 12 9.8 1 2 1 6 6.1 8 12 6.6 9 2 4 5 9.1 7 8 7.4 2 2 2 12 8.3 4 16 8.9 10 3 1 6 5.9 6 13 6.2 8 19 6.4 
5 2 2 2 10 9.3 4 14 9.9 1 2 1 11 5.7 8 17 6.2 9 2 4 5 7.9 7 8 6.2 5 1 6 14 7.2 4 2 3 9 6 7 12 5.4 
5 1 2 1 5 5.5 8 11 6 8 3 1 10 6.7 5 13 8.4 6 20 7 2 2 2 10 9.9 4 14 10.5 3 2 3 11 8 8 17 8.2 10 3 1 11 7.9 6 18 8.2 8 24 8.4 
3 5 1 6 13 9.4 1 2 1 3 7.9 8 9 8.4 6 2 3 5 7.2 5 8 8.6 
5 2 2 2 6 7.1 4 10 7.7 5 1 6 15 8 4 2 3 5 8.4 7 8 7.8 1 2 1 10 7.9 8 16 8.4 3 2 3 10 9 8 16 9.2 
2 4 2 3 11 9.4 7 14 8.8 7 2 2 7 9.1 5 10 10 
2 9 2 4 11 7.5 7 14 5.8 1 2 1 4 8.5 8 10 9 
1 2 3 1 2 3 1 2 3 1 2 3 1 2 3 
10 30 60 10 30 60 10 30 60 10 30 60 10 30 60 
5 6 7 5 6 7 5 6 7 5 6 7 5 6 7 
12 15 18 23 25 16 15 20 