15 8 6
8 7 6 5 7 9 5 6 9 5 4 6 4 3 6 
1 1 2 1 9 7.7 3 15 8 
2 1 2 1 9 8.3 3 15 8.6 7 2 4 11 10.3 5 16 10.6 
2 6 3 3 13 7.6 4 15 8.7 5 20 9 3 1 4 3 6.9 
2 4 2 2 6 8.7 3 12 8.2 7 2 4 7 10.5 5 12 10.8 
3 1 2 1 11 6.3 3 17 6.6 3 1 4 11 9.5 8 2 5 14 10.8 6 22 9.4 
3 2 2 2 7 9.7 4 9 10.3 4 2 2 12 10.3 3 18 9.8 3 1 4 4 6.9 
2 5 2 1 8 9.1 6 16 9.4 6 3 3 13 8.6 4 15 9.7 5 20 10 
2 6 3 3 7 9.4 4 9 10.5 5 14 10.8 4 2 2 11 7.9 3 17 7.4 
1 6 3 3 7 8.8 4 9 9.9 5 14 10.2 
2 6 3 3 7 6.8 4 9 7.9 5 14 8.2 4 2 2 11 7.1 3 17 6.6 
1 1 2 1 9 6.5 3 15 6.8 
2 6 3 3 13 6.4 4 15 7.5 5 20 7.8 3 1 4 3 8.3 
3 2 2 2 7 8.1 4 9 8.7 4 2 2 12 6.7 3 18 6.2 3 1 4 4 10.1 
1 6 3 3 8 6.6 4 10 7.7 5 15 8 
1 7 2 4 4 8.9 5 9 9.2 
1 6 3 3 7 9 4 9 10.1 5 14 10.4 
3 2 2 2 7 6.9 4 9 7.5 4 2 2 12 8.5 3 18 8 3 1 4 4 9.3 
3 3 1 4 4 7.9 7 2 4 3 7.1 5 8 7.4 4 2 2 8 10.1 3 14 9.6 
2 4 2 2 6 9.9 3 12 9.4 7 2 4 7 8.1 5 12 8.4 
2 1 2 1 10 6.7 3 16 7 3 1 4 9 10.3 
2 4 2 2 8 8.5 3 14 8 3 1 4 3 10.7 
1 7 2 4 4 9.9 5 9 10.2 
1 1 2 1 9 7.5 3 15 7.8 
2 1 2 1 9 8.5 3 15 8.8 7 2 4 11 10.1 5 16 10.4 
2 6 3 3 13 7.2 4 15 8.3 5 20 8.6 3 1 4 3 8.7 
2 4 2 2 9 7.9 3 15 7.4 5 2 1 10 6.9 6 18 7.2 
1 7 2 4 4 10.5 5 9 10.8 
2 1 2 1 9 5.9 3 15 6.2 7 2 4 11 8.9 5 16 9.2 
2 4 2 2 8 6.9 3 14 6.4 3 1 4 3 8.5 
3 1 2 1 11 6.3 3 17 6.6 3 1 4 11 7.7 8 2 5 14 9 6 22 7.6 
2 1 2 1 10 8.1 3 16 8.4 3 1 4 9 9.5 
3 2 2 2 7 8.7 4 9 9.3 4 2 2 12 7.5 3 18 7 3 1 4 4 9.3 
2 4 2 2 9 10.1 3 15 9.6 5 2 1 10 8.5 6 18 8.8 
1 6 3 3 8 7.2 4 10 8.3 5 15 8.6 
2 4 2 2 8 9.7 3 14 9.2 3 1 4 3 7.5 
3 3 1 4 4 7.9 7 2 4 3 8.3 5 8 8.6 4 2 2 8 6.9 3 14 6.4 
2 6 3 3 7 8.2 4 9 9.3 5 14 9.6 4 2 2 11 8.3 3 17 7.8 
2 4 2 2 9 10.3 3 15 9.8 5 2 1 10 7.3 6 18 7.6 
3 1 2 1 11 5.5 3 17 5.8 3 1 4 11 7.3 8 2 5 14 11 6 22 9.6 
2 1 2 1 10 8.1 3 16 8.4 3 1 4 9 8.5 
1 6 3 3 7 5.8 4 9 6.9 5 14 7.2 
2 1 2 1 9 9.3 3 15 9.6 7 2 4 11 9.7 5 16 10 
2 5 2 1 8 7.9 6 16 8.2 6 3 3 13 8.2 4 15 9.3 5 20 9.6 
2 1 2 1 10 7.3 3 16 7.6 3 1 4 9 7.7 
2 6 3 3 7 9 4 9 10.1 5 14 10.4 4 2 2 11 10.1 3 17 9.6 
1 6 3 3 8 8.2 4 10 9.3 5 15 9.6 
2 6 3 3 13 6 4 15 7.1 5 20 7.4 3 1 4 3 7.3 
2 4 2 2 9 9.5 3 15 9 5 2 1 10 7.7 6 18 8 
2 5 2 1 8 8.7 6 16 9 6 3 3 13 6.8 4 15 7.9 5 20 8.2 
3 2 2 2 7 9.3 4 9 9.9 4 2 2 12 10.1 3 18 9.6 3 1 4 4 7.5 
1 6 3 3 8 9.2 4 10 10.3 5 15 10.6 
1 6 3 3 7 8.6 4 9 9.7 5 14 10 
2 1 2 1 9 9.3 3 15 9.6 7 2 4 11 7.5 5 16 7.8 
1 1 2 1 9 9.3 3 15 9.6 
2 1 2 1 9 7.1 3 15 7.4 7 2 4 11 9.9 5 16 10.2 
2 4 2 2 8 9.7 3 14 9.2 3 1 4 3 7.5 
3 1 2 1 11 6.1 3 17 6.4 3 1 4 11 10.1 8 2 5 14 10.4 6 22 9 
2 4 2 2 6 7.9 3 12 7.4 7 2 4 7 9.7 5 12 10 
2 6 3 3 7 9.6 4 9 10.7 5 14 11 4 2 2 11 9.7 3 17 9.2 
1 7 2 4 4 10.3 5 9 10.6 
2 1 2 1 10 7.3 3 16 7.6 3 1 4 9 7.1 
3 2 2 2 7 8.5 4 9 9.1 4 2 2 12 7.1 3 18 6.6 3 1 4 4 10.7 
2 5 2 1 8 6.9 6 16 7.2 6 3 3 13 7 4 15 8.1 5 20 8.4 
1 1 2 1 9 5.5 3 15 5.8 
1 7 2 4 4 8.9 5 9 9.2 
2 4 2 2 9 8.3 3 15 7.8 5 2 1 10 8.9 6 18 9.2 
2 1 2 1 9 6.5 3 15 6.8 7 2 4 11 10.7 5 16 11 
3 1 2 1 11 8.1 3 17 8.4 3 1 4 11 10.5 8 2 5 14 7.6 6 22 6.2 
1 1 2 1 9 6.3 3 15 6.6 
3 2 2 2 7 8.5 4 9 9.1 4 2 2 12 8.1 3 18 7.6 3 1 4 4 9.3 
2 4 2 2 6 8.5 3 12 8 7 2 4 7 9.3 5 12 9.6 
2 4 2 2 6 10.1 3 12 9.6 7 2 4 7 9.9 5 12 10.2 
1 6 3 3 7 6.6 4 9 7.7 5 14 8 
1 1 2 1 9 7.9 3 15 8.2 
2 1 2 1 10 6.1 3 16 6.4 3 1 4 9 7.9 
3 1 2 1 11 5.9 3 17 6.2 3 1 4 11 8.1 8 2 5 14 7.4 6 22 6 
1 7 2 4 4 10.3 5 9 10.6 
1 6 3 3 8 6.2 4 10 7.3 5 15 7.6 
2 6 3 3 13 7.8 4 15 8.9 5 20 9.2 3 1 4 3 7.7 
2 6 3 3 7 9.2 4 9 10.3 5 14 10.6 4 2 2 11 9.9 3 17 9.4 
2 5 2 1 8 8.1 6 16 8.4 6 3 3 13 9.4 4 15 10.5 5 20 10.8 
2 5 2 1 8 9.3 6 16 9.6 6 3 3 13 9.6 4 15 10.7 5 20 11 
1 6 3 3 7 6.6 4 9 7.7 5 14 8 
2 4 2 2 6 7.1 3 12 6.6 7 2 4 7 10.5 5 12 10.8 
2 4 2 2 9 7.3 3 15 6.8 5 2 1 10 8.7 6 18 9 
1 7 2 4 4 8.9 5 9 9.2 
3 1 2 1 11 5.9 3 17 6.2 3 1 4 11 8.7 8 2 5 14 8.6 6 22 7.2 
3 2 2 2 7 10.1 4 9 10.7 4 2 2 12 10.1 3 18 9.6 3 1 4 4 8.5 
3 3 1 4 4 9.1 7 2 4 3 10.3 5 8 10.6 4 2 2 8 10.1 3 14 9.6 
1 1 2 1 9 9.3 3 15 9.6 
1 2 3 1 2 3 1 2 
10 30 60 10 30 60 10 30 
5 6 7 5 6 7 5 6 
12 15 18 23 25 16 