10 6 4
6 6 6 6 6 6 5 6 5 6 
6 3 2 1 6 5.9 4 12 7.3 4 2 2 10 8.5 3 12 8 1 2 1 6 8.7 3 8 9 6 2 3 8 6 4 14 7.1 2 2 2 7 9.3 4 13 9.9 5 2 1 6 5.9 2 11 6.7 
2 6 2 3 7 8.6 4 13 9.7 3 2 1 7 9.3 4 13 10.7 
6 1 2 1 4 6.1 3 6 6.4 5 2 1 9 8.7 2 14 9.5 3 2 1 6 5.5 4 12 6.9 4 2 2 8 9.3 3 10 8.8 2 2 2 11 8.3 4 17 8.9 6 2 3 7 6 4 13 7.1 
1 2 2 2 11 9.1 4 17 9.7 
2 6 2 3 5 7.8 4 11 8.9 5 2 1 9 9.3 2 14 10.1 
3 3 2 1 5 8.9 4 11 10.3 2 2 2 6 10.1 4 12 10.7 5 2 1 7 8.5 2 12 9.3 
5 6 2 3 3 9 4 9 10.1 5 2 1 9 7.5 2 14 8.3 1 2 1 6 6.7 3 8 7 2 2 2 9 8.5 4 15 9.1 4 2 2 7 7.7 3 9 7.2 
2 6 2 3 5 9 4 11 10.1 5 2 1 9 7.9 2 14 8.7 
1 5 2 1 5 6.5 2 10 7.3 
2 2 2 2 9 7.3 4 15 7.9 3 2 1 6 8.7 4 12 10.1 
3 3 2 1 5 7.3 4 11 8.7 2 2 2 6 9.7 4 12 10.3 5 2 1 7 9.3 2 12 10.1 
6 3 2 1 6 9.1 4 12 10.5 4 2 2 10 9.5 3 12 9 1 2 1 6 9.3 3 8 9.6 6 2 3 8 7.8 4 14 8.9 2 2 2 7 7.3 4 13 7.9 5 2 1 6 7.7 2 11 8.5 
6 1 2 1 4 9.3 3 6 9.6 5 2 1 9 7.5 2 14 8.3 3 2 1 6 6.3 4 12 7.7 4 2 2 8 8.3 3 10 7.8 2 2 2 11 9.5 4 17 10.1 6 2 3 7 9.6 4 13 10.7 
6 5 2 1 6 6.5 2 11 7.3 4 2 2 11 8.1 3 13 7.6 2 2 2 9 7.3 4 15 7.9 6 2 3 8 8.4 4 14 9.5 3 2 1 9 6.5 4 15 7.9 1 2 1 5 7.5 3 7 7.8 
3 3 2 1 5 6.1 4 11 7.5 2 2 2 6 10.1 4 12 10.7 5 2 1 7 7.5 2 12 8.3 
5 3 2 1 8 6.1 4 14 7.5 1 2 1 7 6.1 3 9 6.4 2 2 2 8 7.7 4 14 8.3 6 2 3 5 7.6 4 11 8.7 5 2 1 5 7.9 2 10 8.7 
6 4 2 2 6 8.3 3 8 7.8 1 2 1 8 7.1 3 10 7.4 2 2 2 9 7.1 4 15 7.7 5 2 1 8 8.3 2 13 9.1 3 2 1 6 8.9 4 12 10.3 6 2 3 5 7.6 4 11 8.7 
5 6 2 3 5 9.2 4 11 10.3 1 2 1 7 9.1 3 9 9.4 4 2 2 11 8.3 3 13 7.8 3 2 1 9 7.9 4 15 9.3 5 2 1 6 7.1 2 11 7.9 
5 3 2 1 8 7.7 4 14 9.1 1 2 1 7 8.7 3 9 9 2 2 2 8 8.7 4 14 9.3 6 2 3 5 6.2 4 11 7.3 5 2 1 5 6.9 2 10 7.7 
5 6 2 3 3 6.4 4 9 7.5 5 2 1 9 9.5 2 14 10.3 1 2 1 6 9.3 3 8 9.6 2 2 2 9 8.1 4 15 8.7 4 2 2 7 9.5 3 9 9 
1 2 2 2 11 7.7 4 17 8.3 
6 1 2 1 4 5.7 3 6 6 5 2 1 9 9.1 2 14 9.9 3 2 1 6 7.9 4 12 9.3 4 2 2 8 7.9 3 10 7.4 2 2 2 11 9.7 4 17 10.3 6 2 3 7 7.4 4 13 8.5 
5 1 2 1 7 8.9 3 9 9.2 4 2 2 10 9.5 3 12 9 2 2 2 8 8.7 4 14 9.3 6 2 3 5 9.2 4 11 10.3 5 2 1 7 9.1 2 12 9.9 
6 4 2 2 6 8.5 3 8 8 1 2 1 8 9.3 3 10 9.6 2 2 2 9 8.5 4 15 9.1 5 2 1 8 8.7 2 13 9.5 3 2 1 6 7.5 4 12 8.9 6 2 3 5 9 4 11 10.1 
6 5 2 1 6 5.9 2 11 6.7 4 2 2 11 7.7 3 13 7.2 2 2 2 9 9.9 4 15 10.5 6 2 3 8 6 4 14 7.1 3 2 1 9 7.1 4 15 8.5 1 2 1 5 8.3 3 7 8.6 
5 1 2 1 7 8.5 3 9 8.8 4 2 2 10 10.1 3 12 9.6 2 2 2 8 7.5 4 14 8.1 6 2 3 5 7.4 4 11 8.5 5 2 1 7 6.5 2 12 7.3 
1 4 2 2 8 9.9 3 10 9.4 
5 6 2 3 5 7.4 4 11 8.5 1 2 1 7 7.1 3 9 7.4 4 2 2 11 8.5 3 13 8 3 2 1 9 5.9 4 15 7.3 5 2 1 6 8.3 2 11 9.1 
5 6 2 3 3 8.4 4 9 9.5 5 2 1 9 6.1 2 14 6.9 1 2 1 6 8.1 3 8 8.4 2 2 2 9 7.9 4 15 8.5 4 2 2 7 8.7 3 9 8.2 
2 2 2 2 9 8.5 4 15 9.1 3 2 1 6 6.5 4 12 7.9 
5 6 2 3 5 7 4 11 8.1 1 2 1 7 8.3 3 9 8.6 4 2 2 11 7.1 3 13 6.6 3 2 1 9 7.1 4 15 8.5 5 2 1 6 5.9 2 11 6.7 
2 6 2 3 7 7.6 4 13 8.7 3 2 1 7 5.7 4 13 7.1 
5 3 2 1 8 9.1 4 14 10.5 1 2 1 7 6.7 3 9 7 2 2 2 8 8.5 4 14 9.1 6 2 3 5 5.8 4 11 6.9 5 2 1 5 7.5 2 10 8.3 
6 5 2 1 6 8.7 2 11 9.5 4 2 2 11 7.3 3 13 6.8 2 2 2 9 9.5 4 15 10.1 6 2 3 8 9.8 4 14 10.9 3 2 1 9 9.3 4 15 10.7 1 2 1 5 5.7 3 7 6 
1 2 2 2 11 10.1 4 17 10.7 
5 6 2 3 3 6.2 4 9 7.3 5 2 1 9 9.1 2 14 9.9 1 2 1 6 8.7 3 8 9 2 2 2 9 6.9 4 15 7.5 4 2 2 7 7.1 3 9 6.6 
6 4 2 2 6 7.3 3 8 6.8 1 2 1 8 8.3 3 10 8.6 2 2 2 9 8.5 4 15 9.1 5 2 1 8 9.1 2 13 9.9 3 2 1 6 6.9 4 12 8.3 6 2 3 5 7.2 4 11 8.3 
1 5 2 1 5 6.9 2 10 7.7 
6 5 2 1 6 8.3 2 11 9.1 4 2 2 11 7.3 3 13 6.8 2 2 2 9 6.3 4 15 6.9 6 2 3 8 7.8 4 14 8.9 3 2 1 9 6.9 4 15 8.3 1 2 1 5 9.3 3 7 9.6 
6 3 2 1 6 5.9 4 12 7.3 4 2 2 10 8.1 3 12 7.6 1 2 1 6 5.7 3 8 6 6 2 3 8 7.2 4 14 8.3 2 2 2 7 7.7 4 13 8.3 5 2 1 6 6.3 2 11 7.1 
5 6 2 3 5 9.6 4 11 10.7 1 2 1 7 7.3 3 9 7.6 4 2 2 11 7.5 3 13 7 3 2 1 9 8.7 4 15 10.1 5 2 1 6 5.7 2 11 6.5 
2 2 2 2 9 7.5 4 15 8.1 3 2 1 6 6.5 4 12 7.9 
5 3 2 1 8 7.1 4 14 8.5 1 2 1 7 8.7 3 9 9 2 2 2 8 8.5 4 14 9.1 6 2 3 5 8.8 4 11 9.9 5 2 1 5 7.5 2 10 8.3 
6 5 2 1 6 9.1 2 11 9.9 4 2 2 11 9.9 3 13 9.4 2 2 2 9 6.9 4 15 7.5 6 2 3 8 6.8 4 14 7.9 3 2 1 9 5.9 4 15 7.3 1 2 1 5 6.3 3 7 6.6 
5 6 2 3 5 7.4 4 11 8.5 1 2 1 7 7.5 3 9 7.8 4 2 2 11 10.3 3 13 9.8 3 2 1 9 6.1 4 15 7.5 5 2 1 6 7.9 2 11 8.7 
5 1 2 1 7 7.3 3 9 7.6 4 2 2 10 8.1 3 12 7.6 2 2 2 8 7.3 4 14 7.9 6 2 3 5 8 4 11 9.1 5 2 1 7 7.9 2 12 8.7 
5 6 2 3 3 9.6 4 9 10.7 5 2 1 9 8.9 2 14 9.7 1 2 1 6 8.1 3 8 8.4 2 2 2 9 8.9 4 15 9.5 4 2 2 7 6.7 3 9 6.2 
1 2 2 2 11 9.1 4 17 9.7 
2 6 2 3 7 9.8 4 13 10.9 3 2 1 7 5.7 4 13 7.1 
5 6 2 3 3 7 4 9 8.1 5 2 1 9 6.3 2 14 7.1 1 2 1 6 6.7 3 8 7 2 2 2 9 8.1 4 15 8.7 4 2 2 7 8.7 3 9 8.2 
5 1 2 1 7 8.3 3 9 8.6 4 2 2 10 7.3 3 12 6.8 2 2 2 8 6.7 4 14 7.3 6 2 3 5 8.6 4 11 9.7 5 2 1 7 6.5 2 12 7.3 
2 2 2 2 9 7.3 4 15 7.9 3 2 1 6 8.7 4 12 10.1 
1 4 2 2 8 7.1 3 10 6.6 
6 5 2 1 6 6.1 2 11 6.9 4 2 2 11 6.7 3 13 6.2 2 2 2 9 9.7 4 15 10.3 6 2 3 8 8.4 4 14 9.5 3 2 1 9 6.1 4 15 7.5 1 2 1 5 7.5 3 7 7.8 
5 6 2 3 5 6.6 4 11 7.7 1 2 1 7 9.3 3 9 9.6 4 2 2 11 7.5 3 13 7 3 2 1 9 8.1 4 15 9.5 5 2 1 6 9.5 2 11 10.3 
6 4 2 2 6 7.5 3 8 7 1 2 1 8 6.9 3 10 7.2 2 2 2 9 10.3 4 15 10.9 5 2 1 8 8.3 2 13 9.1 3 2 1 6 8.5 4 12 9.9 6 2 3 5 6.4 4 11 7.5 
2 6 2 3 5 9.8 4 11 10.9 5 2 1 9 7.5 2 14 8.3 
5 6 2 3 3 6.4 4 9 7.5 5 2 1 9 7.3 2 14 8.1 1 2 1 6 6.3 3 8 6.6 2 2 2 9 8.1 4 15 8.7 4 2 2 7 8.3 3 9 7.8 
1 2 3 1 2 3 
10 30 60 10 30 60 
5 6 7 5 6 7 
12 15 18 23 