15 4 3
6 5 8 7 6 9 5 8 9 9 7 6 7 7 7 
2 3 2 1 8 6.1 3 14 6.4 2 2 2 11 8.5 3 17 8 
2 1 2 1 11 7.1 3 17 7.4 4 2 1 11 5.7 2 15 6.5 
2 1 2 1 9 5.9 3 15 6.2 2 2 2 9 7.7 3 15 7.2 
1 3 2 1 10 7.5 3 16 7.8 
2 4 2 1 8 9.3 2 12 10.1 2 2 2 10 6.9 3 16 6.4 
2 4 2 1 8 8.5 2 12 9.3 1 2 1 8 6.7 3 14 7 
1 3 2 1 10 7.7 3 16 8 
2 1 2 1 9 8.3 3 15 8.6 2 2 2 9 8.5 3 15 8 
1 4 2 1 9 9.5 2 13 10.3 
2 4 2 1 8 6.9 2 12 7.7 2 2 2 10 9.9 3 16 9.4 
2 1 2 1 11 7.3 3 17 7.6 2 2 2 10 8.9 3 16 8.4 
2 4 2 1 10 6.5 2 14 7.3 3 2 1 12 9.1 3 18 9.4 
2 3 2 1 8 9.1 3 14 9.4 2 2 2 11 7.5 3 17 7 
2 4 2 1 8 7.3 2 12 8.1 1 2 1 8 9.3 3 14 9.6 
2 1 2 1 11 8.3 3 17 8.6 4 2 1 11 8.1 2 15 8.9 
2 1 2 1 9 8.3 3 15 8.6 2 2 2 9 8.5 3 15 8 
1 4 2 1 9 7.3 2 13 8.1 
2 1 2 1 11 8.7 3 17 9 2 2 2 10 8.3 3 16 7.8 
2 4 2 1 12 8.9 2 16 9.7 3 2 1 9 9.1 3 15 9.4 
2 4 2 1 8 7.1 2 12 7.9 1 2 1 8 5.7 3 14 6 
2 4 2 1 10 9.1 2 14 9.9 3 2 1 12 8.5 3 18 8.8 
2 1 2 1 11 9.5 3 17 9.8 4 2 1 11 8.3 2 15 9.1 
1 4 2 1 11 6.5 2 15 7.3 
2 1 2 1 11 7.5 3 17 7.8 2 2 2 10 9.1 3 16 8.6 
2 4 2 1 8 6.7 2 12 7.5 2 2 2 10 9.7 3 16 9.2 
1 4 2 1 9 6.7 2 13 7.5 
2 3 2 1 10 7.1 3 16 7.4 1 2 1 8 7.1 3 14 7.4 
2 4 2 1 9 6.7 2 13 7.5 2 2 2 11 7.9 3 17 7.4 
2 4 2 1 10 6.7 2 14 7.5 3 2 1 12 6.5 3 18 6.8 
1 3 2 1 11 9.1 3 17 9.4 
2 3 2 1 8 8.3 3 14 8.6 2 2 2 11 8.9 3 17 8.4 
2 1 2 1 11 7.7 3 17 8 2 2 2 10 9.3 3 16 8.8 
1 4 2 1 9 7.5 2 13 8.3 
2 4 2 1 8 6.5 2 12 7.3 2 2 2 10 9.5 3 16 9 
1 3 2 1 11 7.9 3 17 8.2 
2 3 2 1 10 8.5 3 16 8.8 1 2 1 8 9.3 3 14 9.6 
2 4 2 1 9 8.9 2 13 9.7 2 2 2 11 9.9 3 17 9.4 
1 4 2 1 11 5.7 2 15 6.5 
2 1 2 1 11 9.3 3 17 9.6 2 2 2 10 10.3 3 16 9.8 
2 1 2 1 11 8.7 3 17 9 4 2 1 11 8.5 2 15 9.3 
2 4 2 1 8 8.1 2 12 8.9 1 2 1 8 9.3 3 14 9.6 
1 3 2 1 11 7.3 3 17 7.6 
2 4 2 1 10 9.3 2 14 10.1 3 2 1 12 5.9 3 18 6.2 
2 1 2 1 9 7.5 3 15 7.8 2 2 2 9 8.3 3 15 7.8 
2 4 2 1 9 6.5 2 13 7.3 2 2 2 11 9.7 3 17 9.2 
1 3 2 1 10 7.7 3 16 8 
2 3 2 1 10 8.7 3 16 9 1 2 1 8 8.1 3 14 8.4 
1 3 2 1 11 6.3 3 17 6.6 
2 4 2 1 10 8.5 2 14 9.3 3 2 1 12 8.3 3 18 8.6 
2 4 2 1 8 6.1 2 12 6.9 1 2 1 8 7.3 3 14 7.6 
1 3 2 1 10 8.7 3 16 9 
1 4 2 1 11 7.1 2 15 7.9 
2 4 2 1 12 9.1 2 16 9.9 3 2 1 9 9.3 3 15 9.6 
2 1 2 1 9 6.5 3 15 6.8 2 2 2 9 8.3 3 15 7.8 
2 3 2 1 8 7.5 3 14 7.8 2 2 2 11 10.1 3 17 9.6 
1 4 2 1 11 6.5 2 15 7.3 
2 4 2 1 8 7.5 2 12 8.3 2 2 2 10 8.3 3 16 7.8 
2 1 2 1 9 8.9 3 15 9.2 2 2 2 9 10.3 3 15 9.8 
1 4 2 1 9 6.3 2 13 7.1 
2 1 2 1 11 7.7 3 17 8 4 2 1 12 6.3 2 16 7.1 
2 1 2 1 11 8.9 3 17 9.2 4 2 1 11 9.5 2 15 10.3 
2 1 2 1 11 5.9 3 17 6.2 2 2 2 10 7.1 3 16 6.6 
1 3 2 1 10 9.5 3 16 9.8 
2 1 2 1 11 9.1 3 17 9.4 2 2 2 10 9.3 3 16 8.8 
2 1 2 1 11 6.3 3 17 6.6 4 2 1 11 9.1 2 15 9.9 
2 1 2 1 11 5.9 3 17 6.2 4 2 1 12 6.3 2 16 7.1 
2 4 2 1 12 5.5 2 16 6.3 3 2 1 9 7.1 3 15 7.4 
2 1 2 1 9 8.9 3 15 9.2 2 2 2 9 8.5 3 15 8 
1 3 2 1 11 5.7 3 17 6 
1 3 2 1 10 8.5 3 16 8.8 
1 4 2 1 9 5.7 2 13 6.5 
2 4 2 1 8 7.9 2 12 8.7 2 2 2 10 6.5 3 16 6 
2 1 2 1 11 6.1 3 17 6.4 2 2 2 10 9.1 3 16 8.6 
2 1 2 1 11 8.9 3 17 9.2 4 2 1 11 7.5 2 15 8.3 
2 1 2 1 9 7.9 3 15 8.2 2 2 2 9 7.1 3 15 6.6 
1 3 2 1 10 8.3 3 16 8.6 
1 4 2 1 9 9.3 2 13 10.1 
1 3 2 1 11 5.9 3 17 6.2 
2 4 2 1 12 5.9 2 16 6.7 3 2 1 9 8.5 3 15 8.8 
1 4 2 1 11 7.7 2 15 8.5 
1 3 2 1 10 9.5 3 16 9.8 
2 4 2 1 10 6.7 2 14 7.5 3 2 1 12 7.5 3 18 7.8 
2 1 2 1 9 8.7 3 15 9 2 2 2 9 8.9 3 15 8.4 
1 3 2 1 11 5.7 3 17 6 
2 1 2 1 11 6.7 3 17 7 4 2 1 11 8.7 2 15 9.5 
1 4 2 1 11 9.5 2 15 10.3 
2 4 2 1 12 6.1 2 16 6.9 3 2 1 9 5.7 3 15 6 
2 1 2 1 11 7.5 3 17 7.8 4 2 1 11 5.9 2 15 6.7 
2 4 2 1 9 9.1 2 13 9.9 2 2 2 11 9.7 3 17 9.2 
2 1 2 1 9 9.3 3 15 9.6 2 2 2 9 9.5 3 15 9 
2 1 2 1 11 8.7 3 17 9 2 2 2 10 8.9 3 16 8.4 
2 3 2 1 10 7.5 3 16 7.8 1 2 1 8 8.3 3 14 8.6 
2 1 2 1 9 5.7 3 15 6 2 2 2 9 9.1 3 15 8.6 
2 3 2 1 10 7.9 3 16 8.2 1 2 1 8 6.9 3 14 7.2 
2 1 2 1 11 5.5 3 17 5.8 4 2 1 11 8.7 2 15 9.5 
2 1 2 1 11 8.9 3 17 9.2 2 2 2 10 7.3 3 16 6.8 
2 4 2 1 8 5.7 2 12 6.5 1 2 1 8 7.5 3 14 7.8 
2 4 2 1 9 9.5 2 13 10.3 2 2 2 11 10.3 3 17 9.8 
1 4 2 1 9 7.5 2 13 8.3 
1 3 2 1 11 7.5 3 17 7.8 
2 1 2 1 11 5.9 3 17 6.2 4 2 1 12 7.9 2 16 8.7 
2 4 2 1 12 8.5 2 16 9.3 3 2 1 9 8.9 3 15 9.2 
1 3 2 1 10 7.3 3 16 7.6 
2 4 2 1 8 6.9 2 12 7.7 2 2 2 10 9.5 3 16 9 
2 1 2 1 11 7.3 3 17 7.6 2 2 2 10 6.7 3 16 6.2 
2 1 2 1 9 9.1 3 15 9.4 2 2 2 9 8.5 3 15 8 
1 2 3 1 
10 30 60 10 
5 6 7 5 
12 15 18 