20 5 4
5 5 5 5 5 5 5 5 5 5 5 5 5 5 5 5 5 5 5 5 
2 2 2 2 10 7.7 4 15 7.2 1 2 1 18 8.9 4 23 9.2 
2 3 2 1 21 7.7 3 25 7.4 1 2 1 18 7.5 4 23 7.8 
1 2 2 2 10 7.3 4 15 6.8 
1 4 2 2 24 7.5 3 28 6.4 
5 3 2 1 11 7.9 3 15 7.6 5 2 1 5 9.1 4 10 9.4 4 2 2 11 7.9 3 15 6.8 1 2 1 10 7.1 4 15 7.4 2 2 2 13 6.3 4 18 5.8 
2 1 2 1 6 8.5 4 11 8.8 5 2 1 16 6.5 4 21 6.8 
5 3 2 1 11 6.3 3 15 6 5 2 1 5 9.5 4 10 9.8 4 2 2 11 6.5 3 15 5.4 1 2 1 10 6.1 4 15 6.4 2 2 2 13 8.1 4 18 7.6 
2 2 2 2 10 8.7 4 15 8.2 1 2 1 18 8.7 4 23 9 
3 1 2 1 11 9.1 4 16 9.4 5 2 1 4 8.7 4 9 9 2 2 2 11 7.5 4 16 7 
3 1 2 1 6 8.7 4 11 9 5 2 1 16 8.1 4 21 8.4 3 2 1 5 6.5 3 9 6.2 
5 2 2 2 24 10.3 4 29 9.8 5 2 1 4 7.7 4 9 8 4 2 2 25 8.5 3 29 7.4 1 2 1 12 8.5 4 17 8.8 3 2 1 6 6.5 3 10 6.2 
1 4 2 2 24 9.5 3 28 8.4 
2 4 2 2 17 8.1 3 21 7 3 2 1 12 6.1 3 16 5.8 
1 2 2 2 10 9.3 4 15 8.8 
3 5 2 1 15 8.7 4 20 9 3 2 1 17 7.5 3 21 7.2 4 2 2 25 6.3 3 29 5.2 
2 2 2 2 10 8.3 4 15 7.8 1 2 1 18 6.9 4 23 7.2 
4 4 2 2 16 7.7 3 20 6.6 3 2 1 13 6.5 3 17 6.2 2 2 2 23 7.3 4 28 6.8 5 2 1 11 8.7 4 16 9 
4 5 2 1 21 8.9 4 26 9.2 3 2 1 16 6.9 3 20 6.6 2 2 2 8 9.1 4 13 8.6 1 2 1 8 6.1 4 13 6.4 
5 4 2 2 16 6.9 3 20 5.8 5 2 1 18 7.5 4 23 7.8 1 2 1 5 5.5 4 10 5.8 3 2 1 12 7.1 3 16 6.8 2 2 2 22 9.5 4 27 9 
2 3 2 1 18 9.3 3 22 9 1 2 1 9 7.7 4 14 8 
3 1 2 1 6 7.7 4 11 8 5 2 1 16 6.9 4 21 7.2 3 2 1 5 7.5 3 9 7.2 
2 3 2 1 21 7.9 3 25 7.6 1 2 1 18 7.7 4 23 8 
5 2 2 2 24 8.7 4 29 8.2 5 2 1 4 7.5 4 9 7.8 4 2 2 25 7.5 3 29 6.4 1 2 1 12 8.3 4 17 8.6 3 2 1 6 5.5 3 10 5.2 
3 5 2 1 15 5.7 4 20 6 3 2 1 17 7.9 3 21 7.6 4 2 2 25 6.9 3 29 5.8 
1 4 2 2 11 7.9 3 15 6.8 
5 3 2 1 11 8.1 3 15 7.8 5 2 1 5 6.5 4 10 6.8 4 2 2 11 9.9 3 15 8.8 1 2 1 10 9.1 4 15 9.4 2 2 2 13 6.3 4 18 5.8 
2 3 2 1 21 7.7 3 25 7.4 1 2 1 18 7.9 4 23 8.2 
2 1 2 1 18 9.3 4 23 9.6 5 2 1 10 8.7 4 15 9 
2 2 2 2 13 7.9 4 18 7.4 1 2 1 20 5.9 4 25 6.2 
2 2 2 2 10 7.7 4 15 7.2 1 2 1 18 6.9 4 23 7.2 
1 4 2 2 11 10.1 3 15 9 
2 1 2 1 18 7.7 4 23 8 5 2 1 10 7.5 4 15 7.8 
2 2 2 2 10 7.9 4 15 7.4 1 2 1 18 8.5 4 23 8.8 
3 1 2 1 6 6.3 4 11 6.6 5 2 1 16 6.5 4 21 6.8 3 2 1 5 5.9 3 9 5.6 
4 4 2 2 12 8.5 3 16 7.4 2 2 2 23 8.5 4 28 8 3 2 1 18 6.9 3 22 6.6 5 2 1 10 6.3 4 15 6.6 
4 4 2 2 12 7.3 3 16 6.2 2 2 2 23 6.5 4 28 6 3 2 1 18 6.7 3 22 6.4 5 2 1 10 6.5 4 15 6.8 
3 3 2 1 21 5.5 3 25 5.2 1 2 1 5 6.7 4 10 7 4 2 2 21 6.5 3 25 5.4 
4 2 2 2 20 10.1 4 25 9.6 4 2 2 20 6.9 3 24 5.8 3 2 1 22 6.1 3 26 5.8 5 2 1 18 6.9 4 23 7.2 
1 2 2 2 10 10.1 4 15 9.6 
2 2 2 2 13 7.9 4 18 7.4 1 2 1 20 8.5 4 25 8.8 
5 2 2 2 24 8.7 4 29 8.2 5 2 1 4 5.9 4 9 6.2 4 2 2 25 9.5 3 29 8.4 1 2 1 12 8.1 4 17 8.4 3 2 1 6 8.3 3 10 8 
4 4 2 2 12 9.5 3 16 8.4 2 2 2 23 8.5 4 28 8 3 2 1 18 8.3 3 22 8 5 2 1 10 6.7 4 15 7 
3 1 2 1 11 5.7 4 16 6 5 2 1 4 6.5 4 9 6.8 2 2 2 11 9.7 4 16 9.2 
4 2 2 2 20 10.1 4 25 9.6 4 2 2 20 9.9 3 24 8.8 3 2 1 22 9.1 3 26 8.8 5 2 1 18 9.1 4 23 9.4 
2 1 2 1 20 7.1 4 25 7.4 5 2 1 18 9.3 4 23 9.6 
2 1 2 1 18 8.5 4 23 8.8 5 2 1 10 5.7 4 15 6 
4 4 2 2 16 7.7 3 20 6.6 3 2 1 13 7.3 3 17 7 2 2 2 23 8.5 4 28 8 5 2 1 11 7.9 4 16 8.2 
2 3 2 1 18 9.1 3 22 8.8 1 2 1 9 5.7 4 14 6 
1 4 2 2 11 8.9 3 15 7.8 
5 3 2 1 19 7.9 3 23 7.6 5 2 1 20 7.5 4 25 7.8 4 2 2 16 8.1 3 20 7 2 2 2 16 9.1 4 21 8.6 1 2 1 10 7.1 4 15 7.4 
1 4 2 2 24 9.5 3 28 8.4 
3 1 2 1 11 7.5 4 16 7.8 5 2 1 4 8.1 4 9 8.4 2 2 2 11 8.7 4 16 8.2 
5 3 2 1 11 6.7 3 15 6.4 5 2 1 5 6.5 4 10 6.8 4 2 2 11 10.1 3 15 9 1 2 1 10 8.5 4 15 8.8 2 2 2 13 10.1 4 18 9.6 
2 1 2 1 18 6.1 4 23 6.4 5 2 1 10 9.1 4 15 9.4 
2 1 2 1 20 8.1 4 25 8.4 5 2 1 18 8.5 4 23 8.8 
3 5 2 1 15 7.7 4 20 8 3 2 1 17 8.1 3 21 7.8 4 2 2 25 8.7 3 29 7.6 
4 4 2 2 16 7.5 3 20 6.4 3 2 1 13 6.7 3 17 6.4 2 2 2 23 6.7 4 28 6.2 5 2 1 11 9.1 4 16 9.4 
2 3 2 1 18 6.9 3 22 6.6 1 2 1 9 8.5 4 14 8.8 
5 3 2 1 11 6.3 3 15 6 5 2 1 5 6.9 4 10 7.2 4 2 2 11 8.3 3 15 7.2 1 2 1 10 9.5 4 15 9.8 2 2 2 13 8.9 4 18 8.4 
5 3 2 1 19 5.9 3 23 5.6 5 2 1 20 7.9 4 25 8.2 4 2 2 16 9.7 3 20 8.6 2 2 2 16 8.9 4 21 8.4 1 2 1 10 6.1 4 15 6.4 
2 1 2 1 20 6.9 4 25 7.2 5 2 1 18 5.9 4 23 6.2 
1 4 2 2 24 10.1 3 28 9 
4 2 2 2 23 7.9 4 28 7.4 5 2 1 22 6.3 4 27 6.6 4 2 2 11 7.7 3 15 6.6 3 2 1 15 7.7 3 19 7.4 
3 3 2 1 21 9.5 3 25 9.2 1 2 1 5 6.3 4 10 6.6 4 2 2 21 7.9 3 25 6.8 
3 1 2 1 11 9.5 4 16 9.8 5 2 1 4 8.3 4 9 8.6 2 2 2 11 7.9 4 16 7.4 
2 5 2 1 4 8.1 4 9 8.4 3 2 1 8 8.3 3 12 8 
3 3 2 1 21 9.1 3 25 8.8 1 2 1 5 5.7 4 10 6 4 2 2 21 8.5 3 25 7.4 
4 4 2 2 16 8.5 3 20 7.4 3 2 1 13 8.9 3 17 8.6 2 2 2 23 8.9 4 28 8.4 5 2 1 11 8.7 4 16 9 
2 3 2 1 21 5.9 3 25 5.6 1 2 1 18 8.9 4 23 9.2 
5 3 2 1 11 9.3 3 15 9 5 2 1 5 5.5 4 10 5.8 4 2 2 11 6.7 3 15 5.6 1 2 1 10 7.7 4 15 8 2 2 2 13 7.1 4 18 6.6 
5 3 2 1 11 7.3 3 15 7 5 2 1 5 5.9 4 10 6.2 4 2 2 11 7.9 3 15 6.8 1 2 1 10 8.5 4 15 8.8 2 2 2 13 8.3 4 18 7.8 
2 5 2 1 4 7.5 4 9 7.8 3 2 1 8 9.1 3 12 8.8 
3 5 2 1 15 9.3 4 20 9.6 3 2 1 17 8.9 3 21 8.6 4 2 2 25 7.1 3 29 6 
5 3 2 1 19 6.9 3 23 6.6 5 2 1 20 8.9 4 25 9.2 4 2 2 16 8.3 3 20 7.2 2 2 2 16 6.5 4 21 6 1 2 1 10 6.3 4 15 6.6 
2 1 2 1 20 7.5 4 25 7.8 5 2 1 18 9.3 4 23 9.6 
5 4 2 2 16 9.7 3 20 8.6 5 2 1 18 9.3 4 23 9.6 1 2 1 5 5.7 4 10 6 3 2 1 12 8.9 3 16 8.6 2 2 2 22 8.9 4 27 8.4 
2 4 2 2 17 9.3 3 21 8.2 3 2 1 12 5.5 3 16 5.2 
1 2 2 2 10 8.9 4 15 8.4 
2 1 2 1 18 8.1 4 23 8.4 5 2 1 10 8.7 4 15 9 
1 4 2 2 11 8.3 3 15 7.2 
5 3 2 1 11 5.7 3 15 5.4 5 2 1 5 9.3 4 10 9.6 4 2 2 11 9.9 3 15 8.8 1 2 1 10 8.1 4 15 8.4 2 2 2 13 10.3 4 18 9.8 
4 2 2 2 20 9.5 4 25 9 4 2 2 20 9.9 3 24 8.8 3 2 1 22 8.7 3 26 8.4 5 2 1 18 9.3 4 23 9.6 
3 3 2 1 21 6.9 3 25 6.6 1 2 1 5 8.3 4 10 8.6 4 2 2 21 8.3 3 25 7.2 
2 3 2 1 18 8.7 3 22 8.4 1 2 1 9 8.7 4 14 9 
5 2 2 2 24 7.3 4 29 6.8 5 2 1 4 8.3 4 9 8.6 4 2 2 25 9.9 3 29 8.8 1 2 1 12 8.1 4 17 8.4 3 2 1 6 6.1 3 10 5.8 
1 2 2 2 10 9.1 4 15 8.6 
3 1 2 1 11 6.9 4 16 7.2 5 2 1 4 8.7 4 9 9 2 2 2 11 9.1 4 16 8.6 
2 5 2 1 4 7.9 4 9 8.2 3 2 1 8 8.5 3 12 8.2 
2 3 2 1 21 6.5 3 25 6.2 1 2 1 18 6.5 4 23 6.8 
2 1 2 1 18 7.5 4 23 7.8 5 2 1 10 7.7 4 15 8 
3 1 2 1 6 8.5 4 11 8.8 5 2 1 16 5.7 4 21 6 3 2 1 5 6.9 3 9 6.6 
4 4 2 2 12 7.1 3 16 6 2 2 2 23 9.3 4 28 8.8 3 2 1 18 6.5 3 22 6.2 5 2 1 10 8.5 4 15 8.8 
4 5 2 1 21 8.1 4 26 8.4 3 2 1 16 6.9 3 20 6.6 2 2 2 8 8.5 4 13 8 1 2 1 8 8.9 4 13 9.2 
1 4 2 2 24 9.7 3 28 8.6 
2 1 2 1 6 9.1 4 11 9.4 5 2 1 16 6.5 4 21 6.8 
1 4 2 2 11 8.9 3 15 7.8 
2 2 2 2 10 9.3 4 15 8.8 1 2 1 18 9.3 4 23 9.6 
1 4 2 2 24 8.7 3 28 7.6 
2 1 2 1 18 7.9 4 23 8.2 5 2 1 10 5.7 4 15 6 
5 4 2 2 16 7.5 3 20 6.4 5 2 1 18 8.9 4 23 9.2 1 2 1 5 5.9 4 10 6.2 3 2 1 12 6.1 3 16 5.8 2 2 2 22 8.1 4 27 7.6 
1 2 3 1 2 
10 30 60 10 30 
5 6 7 5 6 
12 15 20 12 