20 10 6
12 13 11 11 14 11 14 13 11 12 10 11 11 10 12 14 13 11 13 13 
2 2 2 2 15 7.9 6 23 7.4 1 2 1 15 5.5 4 18 6.9 
1 8 2 3 19 8.4 6 27 8.4 
1 8 2 3 16 8.6 6 24 8.6 
1 1 2 1 14 7.5 4 17 8.9 
2 2 2 2 21 9.3 6 29 8.8 10 2 3 20 7.4 6 28 7.4 
2 9 2 2 11 8.7 4 14 9.3 2 2 2 17 9.9 6 25 9.4 
4 7 2 4 12 7.3 5 16 7.6 4 3 2 16 7.9 3 18 7.4 6 26 7.4 3 2 1 14 5.5 3 16 5.8 1 2 1 20 6.3 4 23 7.7 
2 5 2 1 23 5.7 5 27 7.4 1 2 1 11 6.9 4 14 8.3 
1 9 2 2 16 7.7 4 19 8.3 
1 4 3 2 21 7.7 3 23 7.2 6 31 7.2 
1 2 2 2 10 6.3 6 18 5.8 
5 7 2 4 12 7.3 5 16 7.6 9 2 2 14 6.5 4 17 7.1 4 3 2 11 8.7 3 13 8.2 6 21 8.2 8 2 3 16 9.6 6 24 9.6 6 1 5 20 7.4 
1 8 2 3 19 8.2 6 27 8.2 
2 5 2 1 10 7.9 5 14 9.6 4 3 2 16 9.9 3 18 9.4 6 26 9.4 
2 2 2 2 15 9.3 6 23 8.8 1 2 1 15 7.1 4 18 8.5 
2 5 2 1 13 5.5 5 17 7.2 8 2 3 10 7.2 6 18 7.2 
2 2 2 2 21 8.1 6 29 7.6 3 2 1 15 9.3 3 17 9.6 
4 1 2 1 12 9.3 4 15 10.7 5 2 1 18 7.3 5 22 9 10 2 3 17 7 6 25 7 6 1 5 16 10.8 
4 6 1 5 14 9.4 8 2 3 17 7.4 6 25 7.4 7 2 4 8 7.9 5 12 8.2 2 2 2 13 9.1 6 21 8.6 
2 5 2 1 23 9.3 5 27 11 1 2 1 11 7.5 4 14 8.9 
4 7 2 4 12 9.1 5 16 9.4 4 3 2 16 6.9 3 18 6.4 6 26 6.4 3 2 1 14 6.7 3 16 7 1 2 1 20 5.7 4 23 7.1 
1 1 2 1 14 6.7 4 17 8.1 
4 1 2 1 20 6.7 4 23 8.1 3 2 1 15 6.9 3 17 7.2 7 2 4 20 10.7 5 24 11 4 3 2 12 7.5 3 14 7 6 22 7 
1 4 3 2 21 8.5 3 23 8 6 31 8 
4 3 2 1 15 5.5 3 17 5.8 5 2 1 12 7.7 5 16 9.4 7 2 4 14 10.9 5 18 11.2 9 2 2 22 6.9 4 25 7.5 
4 6 1 5 14 9.2 8 2 3 17 7.8 6 25 7.8 7 2 4 8 7.1 5 12 7.4 2 2 2 13 8.1 6 21 7.6 
2 5 2 1 13 6.7 5 17 8.4 8 2 3 10 8.4 6 18 8.4 
2 2 2 2 21 6.7 6 29 6.2 10 2 3 20 9.2 6 28 9.2 
2 2 2 2 15 7.7 6 23 7.2 1 2 1 15 8.7 4 18 10.1 
5 7 2 4 12 9.9 5 16 10.2 9 2 2 14 9.5 4 17 10.1 4 3 2 11 6.5 3 13 6 6 21 6 8 2 3 16 6 6 24 6 6 1 5 20 10.8 
1 4 3 2 21 8.7 3 23 8.2 6 31 8.2 
2 5 2 1 23 7.7 5 27 9.4 1 2 1 11 7.5 4 14 8.9 
1 1 2 1 14 7.3 4 17 8.7 
2 5 2 1 10 9.5 5 14 11.2 4 3 2 16 8.1 3 18 7.6 6 26 7.6 
2 2 2 2 21 7.3 6 29 6.8 3 2 1 15 5.9 3 17 6.2 
1 3 2 1 18 8.3 3 20 8.6 
4 1 2 1 12 7.3 4 15 8.7 5 2 1 18 9.1 5 22 10.8 10 2 3 17 7.8 6 25 7.8 6 1 5 16 8.2 
2 5 2 1 23 9.1 5 27 10.8 1 2 1 11 5.9 4 14 7.3 
4 4 3 2 16 6.9 3 18 6.4 6 26 6.4 8 2 3 18 9 6 26 9 9 2 2 20 6.3 4 23 6.9 1 2 1 10 9.3 4 13 10.7 
1 8 2 3 16 9.2 6 24 9.2 
1 4 3 2 21 6.5 3 23 6 6 31 6 
1 8 2 3 19 6.6 6 27 6.6 
4 1 2 1 20 8.7 4 23 10.1 3 2 1 15 9.1 3 17 9.4 7 2 4 20 8.5 5 24 8.8 4 3 2 12 7.3 3 14 6.8 6 22 6.8 
4 10 2 3 8 9 6 16 9 8 2 3 15 7 6 23 7 5 2 1 9 6.1 5 13 7.8 2 2 2 13 6.5 6 21 6 
1 3 2 1 18 8.9 3 20 9.2 
4 7 2 4 12 8.3 5 16 8.6 4 3 2 16 7.1 3 18 6.6 6 26 6.6 3 2 1 14 6.7 3 16 7 1 2 1 20 8.5 4 23 9.9 
1 1 2 1 14 7.5 4 17 8.9 
1 8 2 3 19 8.8 6 27 8.8 
1 4 3 2 21 10.1 3 23 9.6 6 31 9.6 
1 5 2 1 13 8.5 5 17 10.2 
4 10 2 3 8 6.8 6 16 6.8 8 2 3 15 8.8 6 23 8.8 5 2 1 9 7.7 5 13 9.4 2 2 2 13 8.7 6 21 8.2 
4 1 2 1 20 7.5 4 23 8.9 3 2 1 15 8.7 3 17 9 7 2 4 20 8.1 5 24 8.4 4 3 2 12 7.5 3 14 7 6 22 7 
2 2 2 2 21 8.7 6 29 8.2 10 2 3 20 8.4 6 28 8.4 
4 6 1 5 14 10.4 8 2 3 17 6.2 6 25 6.2 7 2 4 8 10.7 5 12 11 2 2 2 13 9.1 6 21 8.6 
1 8 2 3 16 7.6 6 24 7.6 
2 5 2 1 10 8.7 5 14 10.4 4 3 2 16 8.7 3 18 8.2 6 26 8.2 
4 2 2 2 10 7.1 6 18 6.6 7 2 4 16 8.9 5 20 9.2 10 2 3 12 6.6 6 20 6.6 5 2 1 15 7.5 5 19 9.2 
5 7 2 4 12 7.3 5 16 7.6 9 2 2 14 9.3 4 17 9.9 4 3 2 11 7.9 3 13 7.4 6 21 7.4 8 2 3 16 6.4 6 24 6.4 6 1 5 20 9.2 
2 5 2 1 13 7.1 5 17 8.8 8 2 3 10 7 6 18 7 
4 1 2 1 12 9.3 4 15 10.7 5 2 1 18 8.5 5 22 10.2 10 2 3 17 8.6 6 25 8.6 6 1 5 16 10.6 
2 5 2 1 23 6.1 5 27 7.8 1 2 1 11 7.5 4 14 8.9 
4 2 2 2 10 8.7 6 18 8.2 7 2 4 16 10.7 5 20 11 10 2 3 12 6.6 6 20 6.6 5 2 1 15 7.5 5 19 9.2 
2 2 2 2 21 6.3 6 29 5.8 10 2 3 20 7.6 6 28 7.6 
1 1 2 1 14 7.9 4 17 9.3 
1 3 2 1 18 6.7 3 20 7 
1 5 2 1 13 6.9 5 17 8.6 
5 7 2 4 12 8.9 5 16 9.2 9 2 2 14 9.9 4 17 10.5 4 3 2 11 7.1 3 13 6.6 6 21 6.6 8 2 3 16 7.6 6 24 7.6 6 1 5 20 9.2 
1 8 2 3 19 9.4 6 27 9.4 
1 8 2 3 16 9.2 6 24 9.2 
1 2 2 2 10 6.9 6 18 6.4 
4 6 1 5 14 9.4 8 2 3 17 8.8 6 25 8.8 7 2 4 8 9.9 5 12 10.2 2 2 2 13 9.7 6 21 9.2 
4 4 3 2 16 8.7 3 18 8.2 6 26 8.2 8 2 3 18 7 6 26 7 9 2 2 20 9.5 4 23 10.1 1 2 1 10 6.9 4 13 8.3 
1 8 2 3 16 9.4 6 24 9.4 
1 8 2 3 19 8.6 6 27 8.6 
2 5 2 1 13 6.7 5 17 8.4 8 2 3 10 6.8 6 18 6.8 
1 4 3 2 21 9.1 3 23 8.6 6 31 8.6 
1 1 2 1 14 6.3 4 17 7.7 
4 2 2 2 10 6.7 6 18 6.2 7 2 4 16 7.7 5 20 8 10 2 3 12 9.6 6 20 9.6 5 2 1 15 7.3 5 19 9 
1 2 2 2 10 9.7 6 18 9.2 
2 5 2 1 10 6.9 5 14 8.6 4 3 2 16 8.5 3 18 8 6 26 8 
5 7 2 4 12 7.3 5 16 7.6 9 2 2 14 6.9 4 17 7.5 4 3 2 11 8.9 3 13 8.4 6 21 8.4 8 2 3 16 8.8 6 24 8.8 6 1 5 20 10.8 
4 4 3 2 16 8.7 3 18 8.2 6 26 8.2 8 2 3 18 8.6 6 26 8.6 9 2 2 20 7.5 4 23 8.1 1 2 1 10 6.1 4 13 7.5 
5 2 2 2 13 9.3 6 21 8.8 1 2 1 23 5.7 4 26 7.1 8 2 3 15 8.2 6 23 8.2 6 1 5 18 10.6 10 2 3 20 8.8 6 28 8.8 
4 6 1 5 14 10.8 8 2 3 17 8.8 6 25 8.8 7 2 4 8 10.3 5 12 10.6 2 2 2 13 8.5 6 21 8 
4 1 2 1 20 6.3 4 23 7.7 3 2 1 15 6.1 3 17 6.4 7 2 4 20 9.9 5 24 10.2 4 3 2 12 9.3 3 14 8.8 6 22 8.8 
2 2 2 2 21 8.9 6 29 8.4 10 2 3 20 6.2 6 28 6.2 
1 1 2 1 14 6.1 4 17 7.5 
4 10 2 3 8 9 6 16 9 8 2 3 15 8.2 6 23 8.2 5 2 1 9 5.7 5 13 7.4 2 2 2 13 9.1 6 21 8.6 
1 5 2 1 13 7.9 5 17 9.6 
4 7 2 4 12 7.3 5 16 7.6 4 3 2 16 7.7 3 18 7.2 6 26 7.2 3 2 1 14 5.7 3 16 6 1 2 1 20 9.5 4 23 10.9 
1 9 2 2 16 6.9 4 19 7.5 
4 2 2 2 10 7.1 6 18 6.6 7 2 4 16 8.5 5 20 8.8 10 2 3 12 8.6 6 20 8.6 5 2 1 15 7.5 5 19 9.2 
4 6 1 5 14 9 8 2 3 17 5.8 6 25 5.8 7 2 4 8 9.5 5 12 9.8 2 2 2 13 9.3 6 21 8.8 
1 2 2 2 10 7.1 6 18 6.6 
5 2 2 2 13 7.9 6 21 7.4 1 2 1 23 8.3 4 26 9.7 8 2 3 15 6 6 23 6 6 1 5 18 9 10 2 3 20 7.2 6 28 7.2 
5 7 2 4 12 9.1 5 16 9.4 9 2 2 14 6.9 4 17 7.5 4 3 2 11 6.9 3 13 6.4 6 21 6.4 8 2 3 16 7.6 6 24 7.6 6 1 5 20 10.6 
2 2 2 2 15 7.9 6 23 7.4 1 2 1 15 7.5 4 18 8.9 
4 1 2 1 20 7.9 4 23 9.3 3 2 1 15 7.1 3 17 7.4 7 2 4 20 7.5 5 24 7.8 4 3 2 12 8.5 3 14 8 6 22 8 
2 5 2 1 10 8.9 5 14 10.6 4 3 2 16 8.1 3 18 7.6 6 26 7.6 
1 8 2 3 19 6.8 6 27 6.8 
1 2 2 2 10 7.3 6 18 6.8 
1 1 2 1 14 6.1 4 17 7.5 
1 4 3 2 21 8.9 3 23 8.4 6 31 8.4 
2 5 2 1 10 8.7 5 14 10.4 4 3 2 16 8.7 3 18 8.2 6 26 8.2 
4 7 2 4 12 6.9 5 16 7.2 4 3 2 16 6.9 3 18 6.4 6 26 6.4 3 2 1 14 5.7 3 16 6 1 2 1 20 8.5 4 23 9.9 
5 2 2 2 13 7.1 6 21 6.6 1 2 1 23 9.1 4 26 10.5 8 2 3 15 8.6 6 23 8.6 6 1 5 18 8 10 2 3 20 9 6 28 9 
1 9 2 2 16 9.3 4 19 9.9 
2 9 2 2 11 6.7 4 14 7.3 2 2 2 17 6.3 6 25 5.8 
2 2 2 2 15 6.5 6 23 6 1 2 1 15 6.5 4 18 7.9 
2 5 2 1 13 8.9 5 17 10.6 8 2 3 10 8.6 6 18 8.6 
1 4 3 2 21 6.5 3 23 6 6 31 6 
4 4 3 2 16 8.9 3 18 8.4 6 26 8.4 8 2 3 18 8.2 6 26 8.2 9 2 2 20 6.3 4 23 6.9 1 2 1 10 8.5 4 13 9.9 
1 3 2 1 18 7.3 3 20 7.6 
4 2 2 2 10 9.9 6 18 9.4 7 2 4 16 8.5 5 20 8.8 10 2 3 12 9.4 6 20 9.4 5 2 1 15 7.3 5 19 9 
1 9 2 2 16 8.7 4 19 9.3 
5 7 2 4 12 8.9 5 16 9.2 9 2 2 14 10.1 4 17 10.7 4 3 2 11 9.9 3 13 9.4 6 21 9.4 8 2 3 16 7 6 24 7 6 1 5 20 10.2 
2 5 2 1 10 8.1 5 14 9.8 4 3 2 16 7.1 3 18 6.6 6 26 6.6 
4 1 2 1 20 5.7 4 23 7.1 3 2 1 15 9.3 3 17 9.6 7 2 4 20 7.9 5 24 8.2 4 3 2 12 9.3 3 14 8.8 6 22 8.8 
2 2 2 2 15 8.7 6 23 8.2 1 2 1 15 7.7 4 18 9.1 
2 2 2 2 21 7.1 6 29 6.6 3 2 1 15 7.1 3 17 7.4 
4 1 2 1 12 6.1 4 15 7.5 5 2 1 18 7.3 5 22 9 10 2 3 17 8.4 6 25 8.4 6 1 5 16 8.6 
1 1 2 1 14 7.3 4 17 8.7 
1 9 2 2 16 9.5 4 19 10.1 
1 5 2 1 13 5.7 5 17 7.4 
5 2 2 2 13 7.1 6 21 6.6 1 2 1 23 7.9 4 26 9.3 8 2 3 15 6.4 6 23 6.4 6 1 5 18 10 10 2 3 20 8.2 6 28 8.2 
1 4 3 2 21 6.7 3 23 6.2 6 31 6.2 
4 4 3 2 16 7.5 3 18 7 6 26 7 8 2 3 18 9.4 6 26 9.4 9 2 2 20 9.5 4 23 10.1 1 2 1 10 8.9 4 13 10.3 
2 5 2 1 13 5.5 5 17 7.2 8 2 3 10 7.2 6 18 7.2 
4 7 2 4 12 8.5 5 16 8.8 4 3 2 16 9.7 3 18 9.2 6 26 9.2 3 2 1 14 7.3 3 16 7.6 1 2 1 20 9.3 4 23 10.7 
1 3 2 1 18 7.1 3 20 7.4 
1 1 2 1 14 8.1 4 17 9.5 
4 1 2 1 20 8.5 4 23 9.9 3 2 1 15 8.1 3 17 8.4 7 2 4 20 10.7 5 24 11 4 3 2 12 6.5 3 14 6 6 22 6 
4 10 2 3 8 6.6 6 16 6.6 8 2 3 15 7.6 6 23 7.6 5 2 1 9 7.7 5 13 9.4 2 2 2 13 9.7 6 21 9.2 
4 4 3 2 16 8.1 3 18 7.6 6 26 7.6 8 2 3 18 9.6 6 26 9.6 9 2 2 20 7.1 4 23 7.7 1 2 1 10 6.7 4 13 8.1 
1 4 3 2 21 7.5 3 23 7 6 31 7 
2 9 2 2 11 8.5 4 14 9.1 2 2 2 17 7.3 6 25 6.8 
4 6 1 5 14 10.8 8 2 3 17 6 6 25 6 7 2 4 8 8.1 5 12 8.4 2 2 2 13 7.5 6 21 7 
4 7 2 4 12 10.7 5 16 11 4 3 2 16 7.1 3 18 6.6 6 26 6.6 3 2 1 14 7.9 3 16 8.2 1 2 1 20 9.5 4 23 10.9 
1 2 2 2 10 7.1 6 18 6.6 
1 8 2 3 16 5.8 6 24 5.8 
5 7 2 4 12 8.5 5 16 8.8 9 2 2 14 9.3 4 17 9.9 4 3 2 11 7.9 3 13 7.4 6 21 7.4 8 2 3 16 6.4 6 24 6.4 6 1 5 20 9.6 
2 5 2 1 10 7.1 5 14 8.8 4 3 2 16 7.7 3 18 7.2 6 26 7.2 
2 2 2 2 21 7.7 6 29 7.2 10 2 3 20 9.6 6 28 9.6 
1 2 2 2 10 7.9 6 18 7.4 
1 3 2 1 18 6.5 3 20 6.8 
2 9 2 2 11 8.7 4 14 9.3 2 2 2 17 7.7 6 25 7.2 
1 5 2 1 13 7.1 5 17 8.8 
4 2 2 2 10 7.7 6 18 7.2 7 2 4 16 8.1 5 20 8.4 10 2 3 12 8.2 6 20 8.2 5 2 1 15 8.7 5 19 10.4 
4 1 2 1 20 8.3 4 23 9.7 3 2 1 15 6.9 3 17 7.2 7 2 4 20 8.5 5 24 8.8 4 3 2 12 8.5 3 14 8 6 22 8 
2 2 2 2 15 9.3 6 23 8.8 1 2 1 15 8.1 4 18 9.5 
1 8 2 3 19 7 6 27 7 
2 5 2 1 23 6.7 5 27 8.4 1 2 1 11 6.5 4 14 7.9 
1 1 2 1 14 8.5 4 17 9.9 
4 7 2 4 12 7.5 5 16 7.8 4 3 2 16 9.5 3 18 9 6 26 9 3 2 1 14 8.7 3 16 9 1 2 1 20 7.1 4 23 8.5 
4 3 2 1 15 7.5 3 17 7.8 5 2 1 12 8.1 5 16 9.8 7 2 4 14 8.9 5 18 9.2 9 2 2 22 8.3 4 25 8.9 
1 1 2 1 14 7.5 4 17 8.9 
2 2 2 2 21 7.9 6 29 7.4 10 2 3 20 5.8 6 28 5.8 
2 2 2 2 15 6.7 6 23 6.2 1 2 1 15 5.9 4 18 7.3 
4 6 1 5 14 8.4 8 2 3 17 7.4 6 25 7.4 7 2 4 8 8.5 5 12 8.8 2 2 2 13 8.3 6 21 7.8 
4 4 3 2 16 8.1 3 18 7.6 6 26 7.6 8 2 3 18 8 6 26 8 9 2 2 20 9.1 4 23 9.7 1 2 1 10 7.3 4 13 8.7 
1 4 3 2 21 9.1 3 23 8.6 6 31 8.6 
4 1 2 1 20 9.3 4 23 10.7 3 2 1 15 9.5 3 17 9.8 7 2 4 20 8.1 5 24 8.4 4 3 2 12 9.1 3 14 8.6 6 22 8.6 
4 7 2 4 12 10.1 5 16 10.4 4 3 2 16 6.3 3 18 5.8 6 26 5.8 3 2 1 14 9.3 3 16 9.6 1 2 1 20 9.3 4 23 10.7 
2 2 2 2 21 9.1 6 29 8.6 3 2 1 15 7.9 3 17 8.2 
1 1 2 1 14 5.7 4 17 7.1 
4 4 3 2 16 9.9 3 18 9.4 6 26 9.4 8 2 3 18 8.8 6 26 8.8 9 2 2 20 6.7 4 23 7.3 1 2 1 10 7.3 4 13 8.7 
4 2 2 2 10 8.7 6 18 8.2 7 2 4 16 8.1 5 20 8.4 10 2 3 12 6 6 20 6 5 2 1 15 6.5 5 19 8.2 
5 2 2 2 13 7.7 6 21 7.2 1 2 1 23 7.7 4 26 9.1 8 2 3 15 7.2 6 23 7.2 6 1 5 18 10.2 10 2 3 20 8.6 6 28 8.6 
2 5 2 1 10 8.7 5 14 10.4 4 3 2 16 9.3 3 18 8.8 6 26 8.8 
2 9 2 2 11 7.7 4 14 8.3 2 2 2 17 9.5 6 25 9 
1 2 2 2 10 7.3 6 18 6.8 
4 10 2 3 8 6.8 6 16 6.8 8 2 3 15 6.4 6 23 6.4 5 2 1 9 9.5 5 13 11.2 2 2 2 13 7.5 6 21 7 
1 4 3 2 21 10.1 3 23 9.6 6 31 9.6 
2 2 2 2 21 9.9 6 29 9.4 3 2 1 15 9.1 3 17 9.4 
2 2 2 2 15 6.7 6 23 6.2 1 2 1 15 8.7 4 18 10.1 
4 6 1 5 14 9 8 2 3 17 6.4 6 25 6.4 7 2 4 8 8.1 5 12 8.4 2 2 2 13 7.1 6 21 6.6 
1 8 2 3 19 6.2 6 27 6.2 
4 4 3 2 16 10.1 3 18 9.6 6 26 9.6 8 2 3 18 8.2 6 26 8.2 9 2 2 20 10.1 4 23 10.7 1 2 1 10 8.5 4 13 9.9 
1 3 2 1 18 7.7 3 20 8 
2 9 2 2 11 7.7 4 14 8.3 2 2 2 17 6.7 6 25 6.2 
1 8 2 3 16 7.2 6 24 7.2 
4 6 1 5 14 9 8 2 3 17 9.6 6 25 9.6 7 2 4 8 9.5 5 12 9.8 2 2 2 13 7.1 6 21 6.6 
4 7 2 4 12 8.9 5 16 9.2 4 3 2 16 10.1 3 18 9.6 6 26 9.6 3 2 1 14 6.7 3 16 7 1 2 1 20 7.5 4 23 8.9 
4 2 2 2 10 8.1 6 18 7.6 7 2 4 16 8.1 5 20 8.4 10 2 3 12 8.4 6 20 8.4 5 2 1 15 6.3 5 19 8 
4 1 2 1 12 5.9 4 15 7.3 5 2 1 18 8.3 5 22 10 10 2 3 17 9.4 6 25 9.4 6 1 5 16 9.2 
2 2 2 2 15 9.9 6 23 9.4 1 2 1 15 8.9 4 18 10.3 
1 4 3 2 21 7.7 3 23 7.2 6 31 7.2 
4 3 2 1 15 8.7 3 17 9 5 2 1 12 9.1 5 16 10.8 7 2 4 14 8.7 5 18 9 9 2 2 22 8.3 4 25 8.9 
2 5 2 1 23 6.3 5 27 8 1 2 1 11 7.3 4 14 8.7 
4 10 2 3 8 5.8 6 16 5.8 8 2 3 15 9 6 23 9 5 2 1 9 8.3 5 13 10 2 2 2 13 8.5 6 21 8 
5 2 2 2 13 8.9 6 21 8.4 1 2 1 23 6.9 4 26 8.3 8 2 3 15 8.4 6 23 8.4 6 1 5 18 10.6 10 2 3 20 9.2 6 28 9.2 
1 9 2 2 16 8.7 4 19 9.3 
4 7 2 4 12 10.7 5 16 11 4 3 2 16 7.3 3 18 6.8 6 26 6.8 3 2 1 14 8.1 3 16 8.4 1 2 1 20 8.5 4 23 9.9 
1 8 2 3 19 7.6 6 27 7.6 
4 10 2 3 8 9.8 6 16 9.8 8 2 3 15 9.2 6 23 9.2 5 2 1 9 5.9 5 13 7.6 2 2 2 13 9.5 6 21 9 
2 5 2 1 10 9.3 5 14 11 4 3 2 16 8.7 3 18 8.2 6 26 8.2 
1 1 2 1 14 9.3 4 17 10.7 
4 6 1 5 14 7.2 8 2 3 17 5.8 6 25 5.8 7 2 4 8 8.1 5 12 8.4 2 2 2 13 9.5 6 21 9 
2 2 2 2 15 8.3 6 23 7.8 1 2 1 15 8.7 4 18 10.1 
2 2 2 2 21 7.5 6 29 7 10 2 3 20 6.4 6 28 6.4 
4 1 2 1 20 6.5 4 23 7.9 3 2 1 15 9.1 3 17 9.4 7 2 4 20 9.1 5 24 9.4 4 3 2 12 8.7 3 14 8.2 6 22 8.2 
1 3 2 1 18 7.1 3 20 7.4 
2 5 2 1 23 7.1 5 27 8.8 1 2 1 11 8.9 4 14 10.3 
5 2 2 2 13 8.1 6 21 7.6 1 2 1 23 8.5 4 26 9.9 8 2 3 15 8.4 6 23 8.4 6 1 5 18 8 10 2 3 20 8.6 6 28 8.6 
5 7 2 4 12 7.7 5 16 8 9 2 2 14 7.7 4 17 8.3 4 3 2 11 9.5 3 13 9 6 21 9 8 2 3 16 6.8 6 24 6.8 6 1 5 20 7.6 
2 5 2 1 10 6.5 5 14 8.2 4 3 2 16 9.5 3 18 9 6 26 9 
4 10 2 3 8 8.4 6 16 8.4 8 2 3 15 7.2 6 23 7.2 5 2 1 9 9.3 5 13 11 2 2 2 13 10.1 6 21 9.6 
1 3 2 1 18 7.9 3 20 8.2 
4 3 2 1 15 5.9 3 17 6.2 5 2 1 12 6.5 5 16 8.2 7 2 4 14 8.1 5 18 8.4 9 2 2 22 9.9 4 25 10.5 
1 9 2 2 16 9.9 4 19 10.5 
2 2 2 2 15 6.9 6 23 6.4 1 2 1 15 7.9 4 18 9.3 
4 2 2 2 10 10.1 6 18 9.6 7 2 4 16 10.1 5 20 10.4 10 2 3 12 6.6 6 20 6.6 5 2 1 15 6.5 5 19 8.2 
1 8 2 3 16 6.4 6 24 6.4 
4 1 2 1 12 6.9 4 15 8.3 5 2 1 18 7.3 5 22 9 10 2 3 17 6.8 6 25 6.8 6 1 5 16 8.8 
1 3 2 1 18 7.5 3 20 7.8 
2 2 2 2 15 8.3 6 23 7.8 1 2 1 15 8.7 4 18 10.1 
4 7 2 4 12 7.7 5 16 8 4 3 2 16 9.7 3 18 9.2 6 26 9.2 3 2 1 14 5.9 3 16 6.2 1 2 1 20 6.1 4 23 7.5 
2 2 2 2 21 7.3 6 29 6.8 10 2 3 20 7.8 6 28 7.8 
2 2 2 2 21 8.1 6 29 7.6 3 2 1 15 5.9 3 17 6.2 
4 4 3 2 16 6.7 3 18 6.2 6 26 6.2 8 2 3 18 7.2 6 26 7.2 9 2 2 20 10.1 4 23 10.7 1 2 1 10 8.3 4 13 9.7 
4 1 2 1 20 8.7 4 23 10.1 3 2 1 15 8.3 3 17 8.6 7 2 4 20 10.1 5 24 10.4 4 3 2 12 8.3 3 14 7.8 6 22 7.8 
4 2 2 2 10 7.3 6 18 6.8 7 2 4 16 9.5 5 20 9.8 10 2 3 12 6.4 6 20 6.4 5 2 1 15 7.3 5 19 9 
4 10 2 3 8 9.2 6 16 9.2 8 2 3 15 9.6 6 23 9.6 5 2 1 9 6.9 5 13 8.6 2 2 2 13 9.7 6 21 9.2 
2 5 2 1 13 5.9 5 17 7.6 8 2 3 10 6 6 18 6 
1 2 2 2 10 7.7 6 18 7.2 
4 6 1 5 14 10 8 2 3 17 7.2 6 25 7.2 7 2 4 8 9.7 5 12 10 2 2 2 13 8.7 6 21 8.2 
1 5 2 1 13 6.3 5 17 8 
4 1 2 1 20 9.5 4 23 10.9 3 2 1 15 7.5 3 17 7.8 7 2 4 20 10.9 5 24 11.2 4 3 2 12 6.3 3 14 5.8 6 22 5.8 
4 2 2 2 10 9.1 6 18 8.6 7 2 4 16 10.5 5 20 10.8 10 2 3 12 8 6 20 8 5 2 1 15 7.1 5 19 8.8 
4 6 1 5 14 8.4 8 2 3 17 7.4 6 25 7.4 7 2 4 8 9.3 5 12 9.6 2 2 2 13 8.3 6 21 7.8 
1 3 2 1 18 9.3 3 20 9.6 
2 5 2 1 10 9.1 5 14 10.8 4 3 2 16 9.7 3 18 9.2 6 26 9.2 
4 4 3 2 16 8.7 3 18 8.2 6 26 8.2 8 2 3 18 7.6 6 26 7.6 9 2 2 20 6.5 4 23 7.1 1 2 1 10 9.3 4 13 10.7 
1 5 2 1 13 5.9 5 17 7.6 
1 1 2 1 14 6.5 4 17 7.9 
1 8 2 3 19 7 6 27 7 
2 9 2 2 11 9.3 4 14 9.9 2 2 2 17 10.1 6 25 9.6 
5 2 2 2 13 9.3 6 21 8.8 1 2 1 23 7.3 4 26 8.7 8 2 3 15 8.4 6 23 8.4 6 1 5 18 11 10 2 3 20 7 6 28 7 
2 2 2 2 21 8.9 6 29 8.4 3 2 1 15 6.3 3 17 6.6 
2 2 2 2 21 9.3 6 29 8.8 10 2 3 20 9 6 28 9 
1 2 3 1 2 3 1 2 3 1 
10 30 60 10 30 60 10 30 60 10 
5 6 7 5 6 7 5 6 7 5 
12 15 18 23 25 16 