15 8 6
10 10 10 10 10 10 10 10 10 10 10 10 10 10 10 
4 7 2 4 17 8.9 5 22 9.2 8 2 5 16 10 6 24 8.6 4 2 2 9 9.3 3 15 8.8 5 2 1 22 8.7 6 30 9 
2 3 1 4 20 8.9 4 2 2 9 7.3 3 15 6.8 
4 8 2 5 23 9.2 6 31 7.8 7 2 4 5 8.1 5 10 8.4 6 3 3 17 8.4 4 19 9.5 5 24 9.8 3 1 4 18 10.3 
4 5 2 1 10 7.7 6 18 8 2 2 2 5 9.1 4 7 9.7 7 2 4 4 7.5 5 9 7.8 3 1 4 21 10.3 
2 5 2 1 9 6.9 6 17 7.2 6 3 3 9 8.2 4 11 9.3 5 16 9.6 
3 4 2 2 9 6.7 3 15 6.2 5 2 1 5 7.7 6 13 8 8 2 5 23 9.4 6 31 8 
1 5 2 1 5 7.1 6 13 7.4 
1 1 2 1 20 9.5 3 26 9.8 
5 5 2 1 13 6.3 6 21 6.6 2 2 2 14 6.7 4 16 7.3 1 2 1 15 6.1 3 21 6.4 8 2 5 10 10.6 6 18 9.2 3 1 4 16 8.5 
3 7 2 4 17 7.5 5 22 7.8 6 3 3 8 9.6 4 10 10.7 5 15 11 8 2 5 24 10.2 6 32 8.8 
4 8 2 5 23 8.6 6 31 7.2 7 2 4 5 6.9 5 10 7.2 6 3 3 17 6.2 4 19 7.3 5 24 7.6 3 1 4 18 10.7 
1 1 2 1 20 7.1 3 26 7.4 
2 2 2 2 5 7.7 4 7 8.3 4 2 2 17 7.1 3 23 6.6 
5 5 2 1 13 9.3 6 21 9.6 2 2 2 14 9.3 4 16 9.9 1 2 1 15 7.3 3 21 7.6 8 2 5 10 10.4 6 18 9 3 1 4 16 7.5 
5 4 2 2 15 9.3 3 21 8.8 1 2 1 12 7.5 3 18 7.8 2 2 2 22 8.9 4 24 9.5 6 3 3 24 6.6 4 26 7.7 5 31 8 3 1 4 15 7.5 
2 6 3 3 21 9.4 4 23 10.5 5 28 10.8 7 2 4 15 8.1 5 20 8.4 
4 7 2 4 17 10.1 5 22 10.4 8 2 5 16 10 6 24 8.6 4 2 2 9 7.9 3 15 7.4 5 2 1 22 8.7 6 30 9 
4 5 2 1 10 7.9 6 18 8.2 2 2 2 5 10.1 4 7 10.7 7 2 4 4 10.5 5 9 10.8 3 1 4 21 7.1 
4 4 2 2 15 7.3 3 21 6.8 1 2 1 10 7.1 3 16 7.4 6 3 3 19 8 4 21 9.1 5 26 9.4 8 2 5 8 10.4 6 16 9 
3 7 2 4 17 10.5 5 22 10.8 6 3 3 8 8.8 4 10 9.9 5 15 10.2 8 2 5 24 10 6 32 8.6 
2 3 1 4 5 9.9 5 2 1 8 8.5 6 16 8.8 
4 5 2 1 10 6.5 6 18 6.8 2 2 2 5 6.7 4 7 7.3 7 2 4 4 9.1 5 9 9.4 3 1 4 21 7.1 
2 3 1 4 20 10.3 4 2 2 9 9.5 3 15 9 
2 5 2 1 9 8.5 6 17 8.8 6 3 3 9 6.6 4 11 7.7 5 16 8 
4 4 2 2 15 7.5 3 21 7 1 2 1 10 8.7 3 16 9 6 3 3 19 7.8 4 21 8.9 5 26 9.2 8 2 5 8 7.4 6 16 6 
3 7 2 4 17 8.7 5 22 9 6 3 3 8 9.4 4 10 10.5 5 15 10.8 8 2 5 24 8.2 6 32 6.8 
5 4 2 2 15 8.5 3 21 8 1 2 1 12 8.5 3 18 8.8 2 2 2 22 7.9 4 24 8.5 6 3 3 24 8.4 4 26 9.5 5 31 9.8 3 1 4 15 10.1 
3 4 2 2 9 6.7 3 15 6.2 5 2 1 5 7.1 6 13 7.4 8 2 5 23 7.2 6 31 5.8 
1 1 2 1 20 7.9 3 26 8.2 
2 2 2 2 5 8.3 4 7 8.9 4 2 2 17 6.7 3 23 6.2 
2 3 1 4 20 7.5 4 2 2 9 6.7 3 15 6.2 
2 3 1 4 5 7.1 5 2 1 8 8.7 6 16 9 
5 4 2 2 15 7.5 3 21 7 1 2 1 12 8.7 3 18 9 2 2 2 22 8.7 4 24 9.3 6 3 3 24 9.8 4 26 10.9 5 31 11.2 3 1 4 15 10.7 
4 4 2 2 15 8.7 3 21 8.2 1 2 1 10 6.5 3 16 6.8 6 3 3 19 9 4 21 10.1 5 26 10.4 8 2 5 8 9.4 6 16 8 
2 6 3 3 21 7.8 4 23 8.9 5 28 9.2 7 2 4 15 10.3 5 20 10.6 
4 5 2 1 10 8.1 6 18 8.4 2 2 2 5 9.3 4 7 9.9 7 2 4 4 10.7 5 9 11 3 1 4 21 8.3 
1 5 2 1 5 9.3 6 13 9.6 
4 8 2 5 23 7.4 6 31 6 7 2 4 5 7.7 5 10 8 6 3 3 17 7.4 4 19 8.5 5 24 8.8 3 1 4 18 9.5 
1 1 2 1 20 6.1 3 26 6.4 
2 5 2 1 9 8.9 6 17 9.2 6 3 3 9 9.4 4 11 10.5 5 16 10.8 
2 6 3 3 21 8.6 4 23 9.7 5 28 10 7 2 4 15 8.5 5 20 8.8 
3 7 2 4 17 9.5 5 22 9.8 6 3 3 8 8.2 4 10 9.3 5 15 9.6 8 2 5 24 9 6 32 7.6 
1 5 2 1 5 9.5 6 13 9.8 
4 7 2 4 17 10.1 5 22 10.4 8 2 5 16 9.6 6 24 8.2 4 2 2 9 7.3 3 15 6.8 5 2 1 22 6.3 6 30 6.6 
5 4 2 2 15 9.5 3 21 9 1 2 1 12 8.3 3 18 8.6 2 2 2 22 8.1 4 24 8.7 6 3 3 24 6.2 4 26 7.3 5 31 7.6 3 1 4 15 7.1 
4 5 2 1 10 7.9 6 18 8.2 2 2 2 5 6.3 4 7 6.9 7 2 4 4 9.9 5 9 10.2 3 1 4 21 7.7 
3 4 2 2 9 9.3 3 15 8.8 5 2 1 5 7.1 6 13 7.4 8 2 5 23 7.6 6 31 6.2 
2 5 2 1 9 6.1 6 17 6.4 6 3 3 9 9.2 4 11 10.3 5 16 10.6 
2 3 1 4 5 10.5 5 2 1 8 5.7 6 16 6 
5 5 2 1 13 7.1 6 21 7.4 2 2 2 14 7.1 4 16 7.7 1 2 1 15 6.7 3 21 7 8 2 5 10 9.2 6 18 7.8 3 1 4 16 7.3 
2 2 2 2 5 9.5 4 7 10.1 4 2 2 17 8.9 3 23 8.4 
2 6 3 3 21 7 4 23 8.1 5 28 8.4 7 2 4 15 8.7 5 20 9 
2 3 1 4 20 9.7 4 2 2 9 8.1 3 15 7.6 
4 8 2 5 23 10.2 6 31 8.8 7 2 4 5 10.1 5 10 10.4 6 3 3 17 9.8 4 19 10.9 5 24 11.2 3 1 4 18 10.9 
5 4 2 2 15 6.5 3 21 6 1 2 1 12 8.3 3 18 8.6 2 2 2 22 9.3 4 24 9.9 6 3 3 24 8 4 26 9.1 5 31 9.4 3 1 4 15 8.1 
5 5 2 1 13 7.7 6 21 8 2 2 2 14 7.9 4 16 8.5 1 2 1 15 9.3 3 21 9.6 8 2 5 10 10.8 6 18 9.4 3 1 4 16 8.5 
4 4 2 2 15 9.3 3 21 8.8 1 2 1 10 7.7 3 16 8 6 3 3 19 8.2 4 21 9.3 5 26 9.6 8 2 5 8 11.2 6 16 9.8 
4 7 2 4 17 9.3 5 22 9.6 8 2 5 16 9.2 6 24 7.8 4 2 2 9 9.1 3 15 8.6 5 2 1 22 9.3 6 30 9.6 
2 5 2 1 9 6.5 6 17 6.8 6 3 3 9 8.8 4 11 9.9 5 16 10.2 
2 3 1 4 5 7.3 5 2 1 8 9.1 6 16 9.4 
5 5 2 1 13 6.3 6 21 6.6 2 2 2 14 9.5 4 16 10.1 1 2 1 15 8.7 3 21 9 8 2 5 10 9.2 6 18 7.8 3 1 4 16 7.7 
4 4 2 2 15 6.3 3 21 5.8 1 2 1 10 7.1 3 16 7.4 6 3 3 19 8.6 4 21 9.7 5 26 10 8 2 5 8 9.6 6 16 8.2 
2 2 2 2 5 7.7 4 7 8.3 4 2 2 17 7.9 3 23 7.4 
1 1 2 1 20 6.5 3 26 6.8 
2 6 3 3 21 9.2 4 23 10.3 5 28 10.6 7 2 4 15 10.5 5 20 10.8 
4 5 2 1 10 5.7 6 18 6 2 2 2 5 9.7 4 7 10.3 7 2 4 4 8.1 5 9 8.4 3 1 4 21 7.7 
1 5 2 1 5 8.3 6 13 8.6 
5 4 2 2 15 8.9 3 21 8.4 1 2 1 12 7.7 3 18 8 2 2 2 22 6.9 4 24 7.5 6 3 3 24 6 4 26 7.1 5 31 7.4 3 1 4 15 10.5 
2 3 1 4 20 9.7 4 2 2 9 6.9 3 15 6.4 
3 7 2 4 17 8.5 5 22 8.8 6 3 3 8 8.4 4 10 9.5 5 15 9.8 8 2 5 24 9 6 32 7.6 
3 7 2 4 17 8.1 5 22 8.4 6 3 3 8 7 4 10 8.1 5 15 8.4 8 2 5 24 11 6 32 9.6 
1 1 2 1 20 9.3 3 26 9.6 
4 7 2 4 17 8.1 5 22 8.4 8 2 5 16 9 6 24 7.6 4 2 2 9 6.9 3 15 6.4 5 2 1 22 9.1 6 30 9.4 
2 6 3 3 21 8.2 4 23 9.3 5 28 9.6 7 2 4 15 10.5 5 20 10.8 
5 5 2 1 13 8.5 6 21 8.8 2 2 2 14 7.1 4 16 7.7 1 2 1 15 6.5 3 21 6.8 8 2 5 10 9.4 6 18 8 3 1 4 16 9.1 
4 4 2 2 15 7.5 3 21 7 1 2 1 10 8.3 3 16 8.6 6 3 3 19 8.4 4 21 9.5 5 26 9.8 8 2 5 8 9.4 6 16 8 
5 4 2 2 15 7.1 3 21 6.6 1 2 1 12 6.7 3 18 7 2 2 2 22 9.3 4 24 9.9 6 3 3 24 6 4 26 7.1 5 31 7.4 3 1 4 15 9.3 
2 2 2 2 5 9.7 4 7 10.3 4 2 2 17 7.3 3 23 6.8 
2 3 1 4 20 7.5 4 2 2 9 9.9 3 15 9.4 
2 3 1 4 5 7.7 5 2 1 8 7.7 6 16 8 
1 1 2 1 20 6.5 3 26 6.8 
5 5 2 1 13 6.5 6 21 6.8 2 2 2 14 6.7 4 16 7.3 1 2 1 15 6.3 3 21 6.6 8 2 5 10 8.8 6 18 7.4 3 1 4 16 7.1 
4 8 2 5 23 7.6 6 31 6.2 7 2 4 5 8.7 5 10 9 6 3 3 17 7 4 19 8.1 5 24 8.4 3 1 4 18 7.9 
3 7 2 4 17 9.7 5 22 10 6 3 3 8 8.8 4 10 9.9 5 15 10.2 8 2 5 24 9 6 32 7.6 
2 6 3 3 21 6.4 4 23 7.5 5 28 7.8 7 2 4 15 10.5 5 20 10.8 
4 4 2 2 15 9.1 3 21 8.6 1 2 1 10 8.7 3 16 9 6 3 3 19 9.2 4 21 10.3 5 26 10.6 8 2 5 8 8.8 6 16 7.4 
1 5 2 1 5 5.7 6 13 6 
2 2 2 2 5 8.3 4 7 8.9 4 2 2 17 7.5 3 23 7 
5 4 2 2 15 6.9 3 21 6.4 1 2 1 12 7.9 3 18 8.2 2 2 2 22 6.9 4 24 7.5 6 3 3 24 7.2 4 26 8.3 5 31 8.6 3 1 4 15 7.3 
4 7 2 4 17 8.7 5 22 9 8 2 5 16 8.6 6 24 7.2 4 2 2 9 8.7 3 15 8.2 5 2 1 22 8.7 6 30 9 
1 1 2 1 20 9.1 3 26 9.4 
2 6 3 3 21 7.8 4 23 8.9 5 28 9.2 7 2 4 15 10.1 5 20 10.4 
3 4 2 2 9 7.3 3 15 6.8 5 2 1 5 9.3 6 13 9.6 8 2 5 23 7.6 6 31 6.2 
5 4 2 2 15 7.9 3 21 7.4 1 2 1 12 7.1 3 18 7.4 2 2 2 22 9.1 4 24 9.7 6 3 3 24 7.2 4 26 8.3 5 31 8.6 3 1 4 15 8.3 
4 4 2 2 15 6.5 3 21 6 1 2 1 10 7.3 3 16 7.6 6 3 3 19 7.6 4 21 8.7 5 26 9 8 2 5 8 8.2 6 16 6.8 
2 3 1 4 20 7.1 4 2 2 9 9.1 3 15 8.6 
2 5 2 1 9 7.7 6 17 8 6 3 3 9 6 4 11 7.1 5 16 7.4 
3 7 2 4 17 9.1 5 22 9.4 6 3 3 8 9.6 4 10 10.7 5 15 11 8 2 5 24 7.6 6 32 6.2 
4 8 2 5 23 9.2 6 31 7.8 7 2 4 5 8.5 5 10 8.8 6 3 3 17 6.6 4 19 7.7 5 24 8 3 1 4 18 8.9 
5 5 2 1 13 8.1 6 21 8.4 2 2 2 14 9.7 4 16 10.3 1 2 1 15 5.7 3 21 6 8 2 5 10 10 6 18 8.6 3 1 4 16 9.9 
2 2 2 2 5 8.7 4 7 9.3 4 2 2 17 6.9 3 23 6.4 
3 7 2 4 17 9.5 5 22 9.8 6 3 3 8 8.6 4 10 9.7 5 15 10 8 2 5 24 10.4 6 32 9 
4 8 2 5 23 7.4 6 31 6 7 2 4 5 10.7 5 10 11 6 3 3 17 7.2 4 19 8.3 5 24 8.6 3 1 4 18 7.3 
2 3 1 4 20 10.1 4 2 2 9 9.3 3 15 8.8 
2 5 2 1 9 5.9 6 17 6.2 6 3 3 9 9 4 11 10.1 5 16 10.4 
1 1 2 1 20 7.9 3 26 8.2 
2 3 1 4 5 7.3 5 2 1 8 9.3 6 16 9.6 
3 4 2 2 9 7.5 3 15 7 5 2 1 5 6.9 6 13 7.2 8 2 5 23 8 6 31 6.6 
5 5 2 1 13 7.1 6 21 7.4 2 2 2 14 8.5 4 16 9.1 1 2 1 15 6.5 3 21 6.8 8 2 5 10 7.8 6 18 6.4 3 1 4 16 8.3 
5 4 2 2 15 9.7 3 21 9.2 1 2 1 12 9.1 3 18 9.4 2 2 2 22 9.7 4 24 10.3 6 3 3 24 6.8 4 26 7.9 5 31 8.2 3 1 4 15 8.1 
4 4 2 2 15 8.7 3 21 8.2 1 2 1 10 6.5 3 16 6.8 6 3 3 19 7.4 4 21 8.5 5 26 8.8 8 2 5 8 7.8 6 16 6.4 
3 4 2 2 9 7.7 3 15 7.2 5 2 1 5 8.3 6 13 8.6 8 2 5 23 7.8 6 31 6.4 
4 8 2 5 23 9.6 6 31 8.2 7 2 4 5 6.9 5 10 7.2 6 3 3 17 6.8 4 19 7.9 5 24 8.2 3 1 4 18 7.1 
1 1 2 1 20 6.7 3 26 7 
5 4 2 2 15 7.9 3 21 7.4 1 2 1 12 5.9 3 18 6.2 2 2 2 22 6.7 4 24 7.3 6 3 3 24 7.2 4 26 8.3 5 31 8.6 3 1 4 15 9.3 
3 7 2 4 17 7.5 5 22 7.8 6 3 3 8 6.4 4 10 7.5 5 15 7.8 8 2 5 24 8 6 32 6.6 
1 5 2 1 5 6.5 6 13 6.8 
2 3 1 4 5 9.7 5 2 1 8 6.7 6 16 7 
4 7 2 4 17 10.7 5 22 11 8 2 5 16 9.2 6 24 7.8 4 2 2 9 7.9 3 15 7.4 5 2 1 22 8.3 6 30 8.6 
2 2 2 2 5 10.3 4 7 10.9 4 2 2 17 8.1 3 23 7.6 
5 5 2 1 13 7.1 6 21 7.4 2 2 2 14 9.3 4 16 9.9 1 2 1 15 8.1 3 21 8.4 8 2 5 10 7.4 6 18 6 3 1 4 16 9.7 
1 5 2 1 5 7.9 6 13 8.2 
2 3 1 4 20 8.5 4 2 2 9 7.5 3 15 7 
4 5 2 1 10 7.9 6 18 8.2 2 2 2 5 8.7 4 7 9.3 7 2 4 4 8.3 5 9 8.6 3 1 4 21 7.1 
2 6 3 3 21 8.8 4 23 9.9 5 28 10.2 7 2 4 15 8.7 5 20 9 
4 8 2 5 23 9 6 31 7.6 7 2 4 5 8.9 5 10 9.2 6 3 3 17 9 4 19 10.1 5 24 10.4 3 1 4 18 8.3 
4 7 2 4 17 7.1 5 22 7.4 8 2 5 16 11 6 24 9.6 4 2 2 9 10.1 3 15 9.6 5 2 1 22 7.5 6 30 7.8 
5 4 2 2 15 8.1 3 21 7.6 1 2 1 12 5.9 3 18 6.2 2 2 2 22 8.3 4 24 8.9 6 3 3 24 8.6 4 26 9.7 5 31 10 3 1 4 15 9.9 
2 5 2 1 9 8.3 6 17 8.6 6 3 3 9 9.4 4 11 10.5 5 16 10.8 
4 4 2 2 15 9.3 3 21 8.8 1 2 1 10 7.3 3 16 7.6 6 3 3 19 6 4 21 7.1 5 26 7.4 8 2 5 8 10 6 16 8.6 
4 8 2 5 23 10 6 31 8.6 7 2 4 5 10.3 5 10 10.6 6 3 3 17 7 4 19 8.1 5 24 8.4 3 1 4 18 9.1 
3 4 2 2 9 9.3 3 15 8.8 5 2 1 5 9.3 6 13 9.6 8 2 5 23 9.8 6 31 8.4 
2 2 2 2 5 6.5 4 7 7.1 4 2 2 17 9.3 3 23 8.8 
4 5 2 1 10 9.1 6 18 9.4 2 2 2 5 8.7 4 7 9.3 7 2 4 4 10.1 5 9 10.4 3 1 4 21 10.1 
2 5 2 1 9 7.3 6 17 7.6 6 3 3 9 8.6 4 11 9.7 5 16 10 
2 3 1 4 20 7.1 4 2 2 9 8.1 3 15 7.6 
2 6 3 3 21 8.2 4 23 9.3 5 28 9.6 7 2 4 15 7.7 5 20 8 
1 5 2 1 5 6.1 6 13 6.4 
5 4 2 2 15 9.5 3 21 9 1 2 1 12 6.5 3 18 6.8 2 2 2 22 6.7 4 24 7.3 6 3 3 24 9.4 4 26 10.5 5 31 10.8 3 1 4 15 10.1 
1 1 2 1 20 7.9 3 26 8.2 
5 5 2 1 13 8.7 6 21 9 2 2 2 14 6.9 4 16 7.5 1 2 1 15 7.9 3 21 8.2 8 2 5 10 8.4 6 18 7 3 1 4 16 9.7 
2 5 2 1 9 8.3 6 17 8.6 6 3 3 9 8 4 11 9.1 5 16 9.4 
2 6 3 3 21 9.8 4 23 10.9 5 28 11.2 7 2 4 15 10.1 5 20 10.4 
4 7 2 4 17 9.1 5 22 9.4 8 2 5 16 10.8 6 24 9.4 4 2 2 9 8.3 3 15 7.8 5 2 1 22 8.9 6 30 9.2 
4 8 2 5 23 9.6 6 31 8.2 7 2 4 5 7.7 5 10 8 6 3 3 17 9.2 4 19 10.3 5 24 10.6 3 1 4 18 7.3 
1 1 2 1 20 5.9 3 26 6.2 
5 4 2 2 15 10.1 3 21 9.6 1 2 1 12 9.3 3 18 9.6 2 2 2 22 9.1 4 24 9.7 6 3 3 24 7.6 4 26 8.7 5 31 9 3 1 4 15 8.3 
3 4 2 2 9 8.5 3 15 8 5 2 1 5 7.1 6 13 7.4 8 2 5 23 9 6 31 7.6 
2 3 1 4 20 9.9 4 2 2 9 9.1 3 15 8.6 
4 5 2 1 10 8.5 6 18 8.8 2 2 2 5 8.1 4 7 8.7 7 2 4 4 9.7 5 9 10 3 1 4 21 9.3 
1 2 3 1 2 3 1 2 
10 30 60 10 30 60 10 30 
5 6 7 5 6 7 5 6 
12 15 18 23 25 16 