20 10 6
10 12 14 10 12 10 12 11 14 11 11 10 11 11 11 11 13 11 10 10 
2 7 2 4 21 10.3 5 25 10.6 4 3 2 10 8.9 3 12 8.4 6 20 8.4 
2 5 2 1 11 7.3 5 15 9 7 2 4 10 10.9 5 14 11.2 
1 3 2 1 23 8.5 3 25 8.8 
1 7 2 4 17 8.3 5 21 8.6 
2 4 3 2 10 9.1 3 12 8.6 6 20 8.6 10 2 3 14 9.4 6 22 9.4 
1 1 2 1 14 9.1 4 17 10.5 
1 10 2 3 20 9.2 6 28 9.2 
2 7 2 4 13 7.3 5 17 7.6 8 2 3 21 7.4 6 29 7.4 
2 3 2 1 15 8.3 3 17 8.6 8 2 3 11 8.6 6 19 8.6 
2 3 2 1 9 9.5 3 11 9.8 8 2 3 14 7.8 6 22 7.8 
1 2 2 2 10 8.7 6 18 8.2 
2 7 2 4 21 9.5 5 25 9.8 4 3 2 10 9.7 3 12 9.2 6 20 9.2 
2 3 2 1 9 7.5 3 11 7.8 8 2 3 14 8.6 6 22 8.6 
1 1 2 1 14 7.5 4 17 8.9 
1 10 2 3 21 6.4 6 29 6.4 
2 3 2 1 19 6.7 3 21 7 4 3 2 24 9.9 3 26 9.4 6 34 9.4 
1 7 2 4 17 9.7 5 21 10 
1 5 2 1 13 8.5 5 17 10.2 
2 5 2 1 18 6.7 5 22 8.4 9 2 2 10 7.5 4 13 8.1 
1 1 2 1 23 5.7 4 26 7.1 
2 7 2 4 13 7.3 5 17 7.6 8 2 3 21 9.2 6 29 9.2 
1 1 2 1 20 5.7 4 23 7.1 
2 5 2 1 18 7.9 5 22 9.6 9 2 2 10 6.9 4 13 7.5 
1 1 2 1 23 8.1 4 26 9.5 
1 1 2 1 14 7.9 4 17 9.3 
1 3 2 1 23 6.5 3 25 6.8 
2 7 2 4 21 9.1 5 25 9.4 4 3 2 10 9.5 3 12 9 6 20 9 
2 4 3 2 10 10.1 3 12 9.6 6 20 9.6 10 2 3 14 6.6 6 22 6.6 
2 3 2 1 9 8.5 3 11 8.8 8 2 3 14 6.2 6 22 6.2 
1 10 2 3 12 6.2 6 20 6.2 
1 5 2 1 13 8.7 5 17 10.4 
1 1 2 1 11 6.3 4 14 7.7 
2 7 2 4 13 7.7 5 17 8 8 2 3 21 8.8 6 29 8.8 
1 1 2 1 14 9.1 4 17 10.5 
1 10 2 3 21 9.4 6 29 9.4 
1 10 2 3 20 7.8 6 28 7.8 
1 10 2 3 12 7 6 20 7 
2 5 2 1 11 8.1 5 15 9.8 7 2 4 10 8.9 5 14 9.2 
1 7 2 4 17 9.9 5 21 10.2 
1 1 2 1 14 8.9 4 17 10.3 
1 10 2 3 20 7.8 6 28 7.8 
2 3 2 1 19 5.5 3 21 5.8 7 2 4 16 7.1 5 20 7.4 
2 10 2 3 16 6.6 6 24 6.6 5 2 1 11 6.9 5 15 8.6 
2 3 2 1 15 7.5 3 17 7.8 8 2 3 11 7.6 6 19 7.6 
1 9 2 2 16 9.3 4 19 9.9 
1 5 2 1 13 8.7 5 17 10.4 
1 5 2 1 13 7.1 5 17 8.8 
2 5 2 1 18 6.9 5 22 8.6 9 2 2 10 8.7 4 13 9.3 
2 7 2 4 21 8.3 5 25 8.6 4 3 2 10 8.5 3 12 8 6 20 8 
2 3 2 1 15 8.9 3 17 9.2 8 2 3 11 9 6 19 9 
1 1 2 1 14 8.1 4 17 9.5 
1 9 2 2 16 7.9 4 19 8.5 
1 1 2 1 11 7.9 4 14 9.3 
1 7 2 4 17 7.7 5 21 8 
2 4 3 2 10 9.7 3 12 9.2 6 20 9.2 10 2 3 14 8.8 6 22 8.8 
2 3 2 1 19 7.5 3 21 7.8 4 3 2 24 7.1 3 26 6.6 6 34 6.6 
1 8 2 3 20 6.4 6 28 6.4 
1 10 2 3 21 7.8 6 29 7.8 
2 3 2 1 19 8.5 3 21 8.8 7 2 4 16 6.9 5 20 7.2 
1 3 2 1 23 6.3 3 25 6.6 
1 5 2 1 13 7.7 5 17 9.4 
1 10 2 3 21 9.6 6 29 9.6 
2 3 2 1 9 7.7 3 11 8 8 2 3 14 7.6 6 22 7.6 
2 7 2 4 21 10.5 5 25 10.8 4 3 2 10 8.3 3 12 7.8 6 20 7.8 
2 8 2 3 16 6.4 6 24 6.4 10 2 3 11 9.6 6 19 9.6 
2 4 3 2 10 6.7 3 12 6.2 6 20 6.2 10 2 3 14 6.2 6 22 6.2 
1 10 2 3 20 9.4 6 28 9.4 
1 1 2 1 11 8.1 4 14 9.5 
1 1 2 1 14 7.1 4 17 8.5 
1 10 2 3 20 7.2 6 28 7.2 
1 1 2 1 11 6.3 4 14 7.7 
1 5 2 1 13 5.7 5 17 7.4 
2 8 2 3 16 5.8 6 24 5.8 10 2 3 11 8.6 6 19 8.6 
2 7 2 4 13 10.7 5 17 11 8 2 3 21 8 6 29 8 
2 3 2 1 19 7.3 3 21 7.6 4 3 2 24 9.7 3 26 9.2 6 34 9.2 
2 10 2 3 16 6.6 6 24 6.6 5 2 1 11 8.3 5 15 10 
1 8 2 3 20 8 6 28 8 
1 10 2 3 21 8.4 6 29 8.4 
1 1 2 1 23 7.1 4 26 8.5 
1 1 2 1 14 8.9 4 17 10.3 
1 1 2 1 14 6.9 4 17 8.3 
1 7 2 4 17 10.5 5 21 10.8 
1 1 2 1 14 7.9 4 17 9.3 
2 3 2 1 19 5.7 3 21 6 4 3 2 24 10.1 3 26 9.6 6 34 9.6 
2 5 2 1 18 7.7 5 22 9.4 9 2 2 10 6.9 4 13 7.5 
2 7 2 4 21 7.3 5 25 7.6 4 3 2 10 8.7 3 12 8.2 6 20 8.2 
1 3 2 1 23 6.5 3 25 6.8 
1 1 2 1 23 7.1 4 26 8.5 
2 4 3 2 10 8.5 3 12 8 6 20 8 10 2 3 14 6 6 22 6 
1 5 2 1 13 8.5 5 17 10.2 
1 10 2 3 21 9 6 29 9 
2 7 2 4 13 9.9 5 17 10.2 8 2 3 21 9 6 29 9 
2 8 2 3 16 8.8 6 24 8.8 10 2 3 11 9.4 6 19 9.4 
1 1 2 1 23 9.3 4 26 10.7 
1 10 2 3 21 7.2 6 29 7.2 
2 10 2 3 16 6.2 6 24 6.2 5 2 1 11 6.9 5 15 8.6 
1 2 2 2 10 9.3 6 18 8.8 
2 4 3 2 10 7.3 3 12 6.8 6 20 6.8 10 2 3 14 9.2 6 22 9.2 
2 5 2 1 11 6.7 5 15 8.4 7 2 4 10 7.3 5 14 7.6 
1 1 2 1 20 8.1 4 23 9.5 
1 1 2 1 11 6.1 4 14 7.5 
1 9 2 2 16 7.7 4 19 8.3 
1 3 2 1 23 6.7 3 25 7 
1 1 2 1 14 5.7 4 17 7.1 
1 10 2 3 20 7.6 6 28 7.6 
1 10 2 3 21 6 6 29 6 
2 10 2 3 16 7.6 6 24 7.6 5 2 1 11 5.5 5 15 7.2 
1 8 2 3 20 6.2 6 28 6.2 
2 3 2 1 15 9.3 3 17 9.6 8 2 3 11 6 6 19 6 
1 1 2 1 11 6.5 4 14 7.9 
1 1 2 1 14 7.9 4 17 9.3 
2 5 2 1 18 5.9 5 22 7.6 9 2 2 10 6.3 4 13 6.9 
2 3 2 1 19 8.1 3 21 8.4 4 3 2 24 7.5 3 26 7 6 34 7 
1 10 2 3 20 8.8 6 28 8.8 
1 3 2 1 23 5.9 3 25 6.2 
1 1 2 1 23 9.3 4 26 10.7 
2 5 2 1 18 8.1 5 22 9.8 9 2 2 10 8.3 4 13 8.9 
1 1 2 1 14 7.7 4 17 9.1 
1 8 2 3 20 6.4 6 28 6.4 
2 3 2 1 19 7.3 3 21 7.6 4 3 2 24 9.7 3 26 9.2 6 34 9.2 
2 7 2 4 13 7.3 5 17 7.6 8 2 3 21 6.2 6 29 6.2 
2 3 2 1 9 7.7 3 11 8 8 2 3 14 9.8 6 22 9.8 
2 3 2 1 15 8.1 3 17 8.4 8 2 3 11 8.4 6 19 8.4 
2 8 2 3 16 7 6 24 7 10 2 3 11 9.6 6 19 9.6 
1 10 2 3 12 9.2 6 20 9.2 
1 9 2 2 16 7.7 4 19 8.3 
1 3 2 1 23 6.3 3 25 6.6 
1 10 2 3 21 7.4 6 29 7.4 
2 3 2 1 15 9.3 3 17 9.6 8 2 3 11 8.8 6 19 8.8 
2 5 2 1 11 6.7 5 15 8.4 7 2 4 10 7.9 5 14 8.2 
1 1 2 1 20 6.1 4 23 7.5 
1 7 2 4 17 9.1 5 21 9.4 
2 7 2 4 21 8.5 5 25 8.8 4 3 2 10 6.9 3 12 6.4 6 20 6.4 
2 4 3 2 10 9.3 3 12 8.8 6 20 8.8 10 2 3 14 9.2 6 22 9.2 
1 1 2 1 14 9.3 4 17 10.7 
1 8 2 3 20 6.4 6 28 6.4 
2 5 2 1 18 9.3 5 22 11 9 2 2 10 7.5 4 13 8.1 
2 10 2 3 16 7.6 6 24 7.6 5 2 1 11 6.3 5 15 8 
1 10 2 3 21 6.4 6 29 6.4 
2 7 2 4 13 7.5 5 17 7.8 8 2 3 21 7.8 6 29 7.8 
2 3 2 1 19 6.1 3 21 6.4 4 3 2 24 6.3 3 26 5.8 6 34 5.8 
1 1 2 1 23 6.5 4 26 7.9 
1 8 2 3 20 9.6 6 28 9.6 
2 8 2 3 16 9.8 6 24 9.8 10 2 3 11 9 6 19 9 
2 3 2 1 15 8.9 3 17 9.2 8 2 3 11 6.2 6 19 6.2 
1 10 2 3 20 7.6 6 28 7.6 
2 5 2 1 18 8.9 5 22 10.6 9 2 2 10 7.5 4 13 8.1 
1 2 2 2 10 6.9 6 18 6.4 
1 1 2 1 14 6.5 4 17 7.9 
2 5 2 1 11 5.7 5 15 7.4 7 2 4 10 7.1 5 14 7.4 
1 1 2 1 14 9.1 4 17 10.5 
1 9 2 2 16 7.9 4 19 8.5 
1 7 2 4 17 7.9 5 21 8.2 
2 3 2 1 19 7.5 3 21 7.8 7 2 4 16 10.7 5 20 11 
2 8 2 3 16 6.2 6 24 6.2 10 2 3 11 8.6 6 19 8.6 
1 1 2 1 20 5.9 4 23 7.3 
2 3 2 1 9 8.5 3 11 8.8 8 2 3 14 6.8 6 22 6.8 
2 5 2 1 18 6.3 5 22 8 9 2 2 10 7.7 4 13 8.3 
1 2 2 2 10 10.1 6 18 9.6 
2 5 2 1 18 5.9 5 22 7.6 9 2 2 10 6.5 4 13 7.1 
2 5 2 1 11 9.3 5 15 11 7 2 4 10 10.3 5 14 10.6 
1 7 2 4 17 10.5 5 21 10.8 
1 10 2 3 12 8.8 6 20 8.8 
2 7 2 4 13 9.9 5 17 10.2 8 2 3 21 9.6 6 29 9.6 
2 3 2 1 19 7.3 3 21 7.6 4 3 2 24 8.5 3 26 8 6 34 8 
2 7 2 4 21 8.9 5 25 9.2 4 3 2 10 10.3 3 12 9.8 6 20 9.8 
1 1 2 1 11 8.3 4 14 9.7 
2 3 2 1 15 8.1 3 17 8.4 8 2 3 11 6.4 6 19 6.4 
1 1 2 1 23 8.7 4 26 10.1 
1 8 2 3 20 7.6 6 28 7.6 
1 2 2 2 10 9.7 6 18 9.2 
2 7 2 4 13 7.5 5 17 7.8 8 2 3 21 5.8 6 29 5.8 
1 10 2 3 12 7.4 6 20 7.4 
1 9 2 2 16 7.3 4 19 7.9 
1 8 2 3 20 9.8 6 28 9.8 
2 10 2 3 16 7 6 24 7 5 2 1 11 8.1 5 15 9.8 
2 5 2 1 18 7.5 5 22 9.2 9 2 2 10 9.1 4 13 9.7 
1 1 2 1 14 5.7 4 17 7.1 
1 1 2 1 23 9.1 4 26 10.5 
2 3 2 1 19 5.9 3 21 6.2 7 2 4 16 10.7 5 20 11 
2 8 2 3 16 9 6 24 9 10 2 3 11 8.4 6 19 8.4 
1 10 2 3 12 8 6 20 8 
2 5 2 1 18 8.7 5 22 10.4 9 2 2 10 8.1 4 13 8.7 
1 5 2 1 13 9.3 5 17 11 
1 10 2 3 21 8.4 6 29 8.4 
1 1 2 1 14 5.9 4 17 7.3 
2 3 2 1 9 5.9 3 11 6.2 8 2 3 14 8.8 6 22 8.8 
1 2 2 2 10 9.1 6 18 8.6 
2 10 2 3 16 5.8 6 24 5.8 5 2 1 11 9.3 5 15 11 
1 1 2 1 14 8.1 4 17 9.5 
2 8 2 3 16 8.2 6 24 8.2 10 2 3 11 6.2 6 19 6.2 
2 3 2 1 19 6.5 3 21 6.8 7 2 4 16 7.5 5 20 7.8 
1 1 2 1 20 7.7 4 23 9.1 
1 7 2 4 17 9.5 5 21 9.8 
2 3 2 1 19 5.9 3 21 6.2 7 2 4 16 7.3 5 20 7.6 
1 2 2 2 10 8.7 6 18 8.2 
1 10 2 3 21 9.8 6 29 9.8 
1 3 2 1 23 6.7 3 25 7 
1 8 2 3 20 9.6 6 28 9.6 
1 1 2 1 11 6.7 4 14 8.1 
1 5 2 1 13 8.5 5 17 10.2 
1 7 2 4 17 10.9 5 21 11.2 
2 7 2 4 21 8.9 5 25 9.2 4 3 2 10 6.7 3 12 6.2 6 20 6.2 
1 1 2 1 14 5.9 4 17 7.3 
2 5 2 1 18 8.7 5 22 10.4 9 2 2 10 8.5 4 13 9.1 
2 7 2 4 13 9.5 5 17 9.8 8 2 3 21 9.2 6 29 9.2 
1 2 2 2 10 8.9 6 18 8.4 
2 3 2 1 15 5.9 3 17 6.2 8 2 3 11 8 6 19 8 
1 9 2 2 16 8.3 4 19 8.9 
2 4 3 2 10 7.3 3 12 6.8 6 20 6.8 10 2 3 14 7.6 6 22 7.6 
1 10 2 3 20 9.2 6 28 9.2 
2 7 2 4 21 10.7 5 25 11 4 3 2 10 6.9 3 12 6.4 6 20 6.4 
2 8 2 3 16 8.2 6 24 8.2 10 2 3 11 6.8 6 19 6.8 
2 3 2 1 9 6.9 3 11 7.2 8 2 3 14 7 6 22 7 
1 10 2 3 21 9.4 6 29 9.4 
1 10 2 3 20 6 6 28 6 
1 10 2 3 12 5.8 6 20 5.8 
1 7 2 4 17 7.1 5 21 7.4 
1 9 2 2 16 8.1 4 19 8.7 
2 3 2 1 19 7.7 3 21 8 7 2 4 16 9.3 5 20 9.6 
1 2 2 2 10 7.3 6 18 6.8 
2 8 2 3 16 8.8 6 24 8.8 10 2 3 11 9.8 6 19 9.8 
2 3 2 1 9 5.9 3 11 6.2 8 2 3 14 6.4 6 22 6.4 
1 5 2 1 13 5.5 5 17 7.2 
1 1 2 1 20 6.9 4 23 8.3 
1 2 3 1 2 3 1 2 3 1 
10 30 60 10 30 60 10 30 60 10 
5 6 7 5 6 7 5 6 7 5 
12 15 18 23 25 16 