10 6 4
6 5 5 5 6 6 5 5 6 6 
2 1 2 1 8 5.6 3 10 5.9 3 2 1 7 8.1 4 13 9.5 
3 5 2 1 6 7.7 2 11 8.5 3 2 1 8 8.2 4 14 9.6 2 2 2 6 8 4 12 8.6 
2 3 2 1 7 8 4 13 9.4 6 2 3 4 9.2 4 10 10.3 
3 6 2 3 7 9.3 4 13 10.4 2 2 2 11 7.4 4 17 8 1 2 1 4 8.2 3 6 8.5 
1 3 2 1 4 6.3 4 10 7.7 
3 6 2 3 8 6.6 4 14 7.7 3 2 1 9 8.3 4 15 9.7 4 2 2 8 9.3 3 10 8.8 
1 2 2 2 11 8.1 4 17 8.7 
1 3 2 1 4 6 4 10 7.4 
1 1 2 1 5 6.1 3 7 6.4 
2 2 2 2 11 9.8 4 17 10.4 4 2 2 11 7.7 3 13 7.2 
3 6 2 3 7 9.6 4 13 10.7 2 2 2 11 8.4 4 17 9 1 2 1 4 8.1 3 6 8.4 
1 2 2 2 11 8.9 4 17 9.5 
2 3 2 1 7 6.9 4 13 8.3 6 2 3 4 6.4 4 10 7.5 
3 6 2 3 7 6.5 4 13 7.6 2 2 2 11 7.3 4 17 7.9 1 2 1 4 7.4 3 6 7.7 
3 3 2 1 7 7.2 4 13 8.6 2 2 2 11 9 4 17 9.6 6 2 3 8 8.3 4 14 9.4 
2 1 2 1 4 7.9 3 6 8.2 5 2 1 8 7.5 2 13 8.3 
3 6 2 3 7 9.5 4 13 10.6 2 2 2 11 9.1 4 17 9.7 1 2 1 4 7 3 6 7.3 
1 2 2 2 11 6.6 4 17 7.2 
1 3 2 1 4 7.8 4 10 9.2 
3 5 2 1 6 7.8 2 11 8.6 3 2 1 8 7.7 4 14 9.1 2 2 2 6 7.2 4 12 7.8 
2 3 2 1 7 9 4 13 10.4 6 2 3 4 9.2 4 10 10.3 
3 5 2 1 6 5.8 2 11 6.6 3 2 1 8 6.8 4 14 8.2 2 2 2 6 7.7 4 12 8.3 
3 6 2 3 7 9.2 4 13 10.3 2 2 2 11 9.4 4 17 10 1 2 1 4 9.4 3 6 9.7 
1 2 2 2 11 9 4 17 9.6 
2 1 2 1 8 6.9 3 10 7.2 3 2 1 7 8.1 4 13 9.5 
2 2 2 2 11 8.7 4 17 9.3 4 2 2 11 7.8 3 13 7.3 
3 3 2 1 7 8.1 4 13 9.5 2 2 2 11 7.8 4 17 8.4 6 2 3 8 7.4 4 14 8.5 
2 3 2 1 7 7.7 4 13 9.1 6 2 3 4 6.3 4 10 7.4 
1 1 2 1 5 9 3 7 9.3 
3 3 2 1 7 7.7 4 13 9.1 2 2 2 11 8.1 4 17 8.7 6 2 3 8 9.6 4 14 10.7 
1 2 2 2 11 8 4 17 8.6 
3 6 2 3 7 7 4 13 8.1 2 2 2 11 8.1 4 17 8.7 1 2 1 4 7.9 3 6 8.2 
2 1 2 1 6 5.6 3 8 5.9 4 2 2 7 9.6 3 9 9.1 
1 6 2 3 3 7.7 4 9 8.8 
2 1 2 1 6 6.8 3 8 7.1 4 2 2 7 7 3 9 6.5 
3 3 2 1 7 5.9 4 13 7.3 2 2 2 11 8.2 4 17 8.8 6 2 3 8 5.9 4 14 7 
3 2 2 2 11 6.4 4 17 7 5 2 1 4 6.3 2 9 7.1 1 2 1 9 6.2 3 11 6.5 
1 3 2 1 4 7.1 4 10 8.5 
2 3 2 1 7 7 4 13 8.4 6 2 3 4 7.2 4 10 8.3 
3 3 2 1 7 8.6 4 13 10 2 2 2 11 6.9 4 17 7.5 6 2 3 8 7.6 4 14 8.7 
3 6 2 3 7 6 4 13 7.1 2 2 2 11 7.7 4 17 8.3 1 2 1 4 8.3 3 6 8.6 
1 2 2 2 11 8.7 4 17 9.3 
2 2 2 2 11 7.1 4 17 7.7 4 2 2 11 9.3 3 13 8.8 
1 6 2 3 3 9.4 4 9 10.5 
2 1 2 1 4 6.8 3 6 7.1 5 2 1 8 6.3 2 13 7.1 
3 6 2 3 8 9.8 4 14 10.9 3 2 1 9 8.3 4 15 9.7 4 2 2 8 8.4 3 10 7.9 
1 1 2 1 5 8.1 3 7 8.4 
3 3 2 1 7 7.6 4 13 9 2 2 2 11 7.1 4 17 7.7 6 2 3 8 8.6 4 14 9.7 
2 2 2 2 11 7.4 4 17 8 4 2 2 11 6.8 3 13 6.3 
2 3 2 1 7 8.9 4 13 10.3 6 2 3 4 7 4 10 8.1 
3 3 2 1 7 7.4 4 13 8.8 2 2 2 11 8.6 4 17 9.2 6 2 3 8 7.5 4 14 8.6 
3 5 2 1 6 8.3 2 11 9.1 3 2 1 8 7.1 4 14 8.5 2 2 2 6 9 4 12 9.6 
1 6 2 3 3 8.9 4 9 10 
2 2 2 2 11 8 4 17 8.6 4 2 2 11 6.9 3 13 6.4 
2 1 2 1 6 7.9 3 8 8.2 4 2 2 7 6.5 3 9 6 
1 2 3 1 2 3 
10 30 60 10 30 60 
5 6 7 5 6 7 
12 15 18 23 