20 15 8
12 13 11 11 14 11 14 13 11 12 10 11 11 10 12 14 13 11 13 13 
2 6 2 3 8 4.9 5 11 6.3 2 2 2 10 6.9 4 14 7.5 
2 7 2 2 16 6.1 5 19 7 6 2 3 14 5.3 5 17 6.7 
1 2 2 2 10 6.4 4 14 7 
4 8 3 1 12 4.9 5 15 6.6 6 22 5.2 3 2 3 21 6.2 8 27 6.4 4 2 3 13 5.5 7 16 4.9 9 2 4 11 7.1 7 14 5.4 
2 7 2 2 14 6.5 5 17 7.4 1 2 1 9 6.4 8 15 6.9 
4 1 2 1 10 6 8 16 6.5 7 2 2 19 5.4 5 22 6.3 9 2 4 16 7.8 7 19 6.1 4 2 3 10 6.3 7 13 5.7 
3 4 2 3 16 5.6 7 19 5 8 3 1 10 5.2 5 13 6.9 6 20 5.5 2 2 2 11 6.8 4 15 7.4 
5 3 2 3 11 6 8 17 6.2 1 2 1 21 6 8 27 6.5 9 2 4 17 7.4 7 20 5.7 10 3 1 21 5 6 28 5.3 8 34 5.5 2 2 2 21 7 4 25 7.6 
5 2 2 2 21 7 4 25 7.6 10 3 1 11 5.7 6 18 6 8 24 6.2 3 2 3 15 5.8 8 21 6 4 2 3 14 5.9 7 17 5.3 5 1 6 22 4.9 
2 9 2 4 14 6.2 7 17 4.5 10 3 1 7 5.5 6 14 5.8 8 20 6 
3 7 2 2 10 6.3 5 13 7.2 2 2 2 13 7.1 4 17 7.7 4 2 3 10 5.1 7 13 4.5 
4 1 2 1 8 6.2 8 14 6.7 6 2 3 16 6 5 19 7.4 5 1 6 18 6 10 3 1 9 4.6 6 16 4.9 8 22 5.1 
2 7 2 2 16 6.5 5 19 7.4 6 2 3 14 5.5 5 17 6.9 
4 2 2 2 21 5.6 4 25 6.2 10 3 1 11 6.1 6 18 6.4 8 24 6.6 5 1 6 16 5.7 8 3 1 18 6.3 5 21 8 6 28 6.6 
2 6 2 3 8 6.6 5 11 8 2 2 2 10 6.5 4 14 7.1 
2 2 2 2 16 6.7 4 20 7.3 1 2 1 11 5.4 8 17 5.9 
2 3 2 3 15 4.9 8 21 5.1 7 2 2 20 6.5 5 23 7.4 
4 4 2 3 14 5.3 7 17 4.7 10 3 1 16 5.3 6 23 5.6 8 29 5.8 5 1 6 17 6.5 7 2 2 20 6.9 5 23 7.8 
4 3 2 3 11 6.1 8 17 6.3 1 2 1 14 6.3 8 20 6.8 5 1 6 12 5.3 13 1 4 15 7.1 
5 3 2 3 11 6.1 8 17 6.3 1 2 1 21 5.4 8 27 5.9 9 2 4 17 7.4 7 20 5.7 10 3 1 21 4.6 6 28 4.9 8 34 5.1 2 2 2 21 6.7 4 25 7.3 
3 4 2 3 16 5.5 7 19 4.9 8 3 1 10 6.4 5 13 8.1 6 20 6.7 2 2 2 11 6.8 4 15 7.4 
4 8 3 1 12 5.2 5 15 6.9 6 22 5.5 3 2 3 21 5.8 8 27 6 4 2 3 13 6.8 7 16 6.2 9 2 4 11 7.3 7 14 5.6 
4 1 2 1 18 6.2 8 24 6.7 5 1 6 18 4.8 10 3 1 19 6.5 6 26 6.8 8 32 7 3 2 3 9 4.8 8 15 5 
2 9 2 4 14 6.5 7 17 4.8 10 3 1 7 5.5 6 14 5.8 8 20 6 
2 5 1 6 18 4.9 2 2 2 16 7.3 4 20 7.9 
4 3 2 3 11 5.4 8 17 5.6 1 2 1 14 6.2 8 20 6.7 5 1 6 12 6.6 13 1 4 15 6.1 
2 2 2 2 16 6.5 4 20 7.1 1 2 1 11 5.4 8 17 5.9 
2 7 2 2 14 6 5 17 6.9 1 2 1 9 5.8 8 15 6.3 
2 6 2 3 8 5.8 5 11 7.2 2 2 2 10 5.9 4 14 6.5 
4 1 2 1 8 4.7 8 14 5.2 6 2 3 16 5.9 5 19 7.3 5 1 6 18 5.5 10 3 1 9 5 6 16 5.3 8 22 5.5 
2 9 2 4 14 7.6 7 17 5.9 10 3 1 7 4.7 6 14 5 8 20 5.2 
5 3 2 3 11 6.7 8 17 6.9 1 2 1 21 4.5 8 27 5 9 2 4 17 6.3 7 20 4.6 10 3 1 21 5.3 6 28 5.6 8 34 5.8 2 2 2 21 5.5 4 25 6.1 
4 8 3 1 12 5.8 5 15 7.5 6 22 6.1 3 2 3 21 5.7 8 27 5.9 4 2 3 13 5.9 7 16 5.3 9 2 4 11 7.6 7 14 5.9 
4 2 2 2 21 6.9 4 25 7.5 10 3 1 11 6 6 18 6.3 8 24 6.5 5 1 6 16 6.5 8 3 1 18 5.2 5 21 6.9 6 28 5.5 
2 3 2 3 15 5.7 8 21 5.9 7 2 2 20 6.6 5 23 7.5 
2 2 2 2 10 7.3 4 14 7.9 9 2 4 23 6.5 7 26 4.8 
4 4 2 3 14 6.5 7 17 5.9 10 3 1 16 6 6 23 6.3 8 29 6.5 5 1 6 17 6.5 7 2 2 20 6.3 5 23 7.2 
5 3 2 3 11 6 8 17 6.2 1 2 1 21 4.9 8 27 5.4 9 2 4 17 6.7 7 20 5 10 3 1 21 5 6 28 5.3 8 34 5.5 2 2 2 21 6.8 4 25 7.4 
1 5 1 6 22 6.4 
1 2 2 2 10 7.3 4 14 7.9 
2 9 2 4 14 7.6 7 17 5.9 10 3 1 7 5.9 6 14 6.2 8 20 6.4 
2 7 2 2 16 6.9 5 19 7.8 6 2 3 14 5.4 5 17 6.8 
4 1 2 1 18 5.4 8 24 5.9 5 1 6 18 6.4 10 3 1 19 4.9 6 26 5.2 8 32 5.4 3 2 3 9 6.3 8 15 6.5 
2 10 3 1 15 4.9 6 22 5.2 8 28 5.4 6 2 3 14 5.2 5 17 6.6 
2 2 2 2 10 5.9 4 14 6.5 9 2 4 23 7 7 26 5.3 
3 4 2 3 16 4.8 7 19 4.2 8 3 1 10 6.5 5 13 8.2 6 20 6.8 2 2 2 11 6.9 4 15 7.5 
4 8 3 1 12 5 5 15 6.7 6 22 5.3 3 2 3 21 4.9 8 27 5.1 4 2 3 13 5.9 7 16 5.3 9 2 4 11 7 7 14 5.3 
2 7 2 2 16 6.4 5 19 7.3 6 2 3 14 5.2 5 17 6.6 
2 9 2 4 14 6.4 7 17 4.7 10 3 1 7 6.1 6 14 6.4 8 20 6.6 
4 5 1 6 18 6.8 7 2 2 13 5.5 5 16 6.4 10 3 1 13 6.5 6 20 6.8 8 26 7 2 2 2 21 5.8 4 25 6.4 
2 10 3 1 15 4.9 6 22 5.2 8 28 5.4 6 2 3 14 5.8 5 17 7.2 
4 1 2 1 18 4.8 8 24 5.3 5 1 6 18 6.4 10 3 1 19 5.2 6 26 5.5 8 32 5.7 3 2 3 9 6.2 8 15 6.4 
2 7 2 2 14 6.2 5 17 7.1 1 2 1 9 5.3 8 15 5.8 
4 3 2 3 11 6.5 8 17 6.7 1 2 1 14 5.7 8 20 6.2 5 1 6 12 5.7 13 1 4 15 6.5 
1 2 2 2 10 6.6 4 14 7.2 
4 2 2 2 21 5.9 4 25 6.5 10 3 1 11 5.6 6 18 5.9 8 24 6.1 5 1 6 16 4.9 8 3 1 18 4.8 5 21 6.5 6 28 5.1 
3 1 2 1 17 5.8 8 23 6.3 2 2 2 24 5.9 4 28 6.5 9 2 4 13 7.5 7 16 5.8 
4 1 2 1 8 6 8 14 6.5 6 2 3 16 5.9 5 19 7.3 5 1 6 18 4.9 10 3 1 9 5.2 6 16 5.5 8 22 5.7 
2 2 2 2 16 6.4 4 20 7 1 2 1 11 4.9 8 17 5.4 
4 4 2 3 14 6.8 7 17 6.2 10 3 1 16 5.7 6 23 6 8 29 6.2 5 1 6 17 5.6 7 2 2 20 7 5 23 7.9 
5 3 2 3 11 5.4 8 17 5.6 1 2 1 21 6 8 27 6.5 9 2 4 17 6.8 7 20 5.1 10 3 1 21 5.6 6 28 5.9 8 34 6.1 2 2 2 21 5.6 4 25 6.2 
3 1 2 1 17 5.3 8 23 5.8 2 2 2 24 5.8 4 28 6.4 9 2 4 13 6.7 7 16 5 
2 7 2 2 14 6.4 5 17 7.3 1 2 1 9 5.4 8 15 5.9 
4 8 3 1 12 6 5 15 7.7 6 22 6.3 3 2 3 21 6 8 27 6.2 4 2 3 13 5.9 7 16 5.3 9 2 4 11 7.3 7 14 5.6 
2 2 2 2 10 5.7 4 14 6.3 9 2 4 23 7.3 7 26 5.6 
4 5 1 6 18 6.1 7 2 2 13 6.3 5 16 7.2 10 3 1 13 6.4 6 20 6.7 8 26 6.9 2 2 2 21 6.7 4 25 7.3 
4 1 2 1 8 5.5 8 14 6 6 2 3 16 6 5 19 7.4 5 1 6 18 6.3 10 3 1 9 5.7 6 16 6 8 22 6.2 
2 7 2 2 16 6.7 5 19 7.6 6 2 3 14 6 5 17 7.4 
1 2 2 2 10 7.2 4 14 7.8 
3 7 2 2 10 6.7 5 13 7.6 2 2 2 13 6.6 4 17 7.2 4 2 3 10 5.5 7 13 4.9 
4 3 2 3 11 6.2 8 17 6.4 1 2 1 14 4.7 8 20 5.2 5 1 6 12 5 13 1 4 15 6.1 
1 5 1 6 22 4.9 
1 2 2 2 10 6.8 4 14 7.4 
2 7 2 2 16 6.6 5 19 7.5 6 2 3 14 5.9 5 17 7.3 
2 2 2 2 16 7.1 4 20 7.7 1 2 1 11 5.6 8 17 6.1 
2 9 2 4 14 6.4 7 17 4.7 10 3 1 7 5.8 6 14 6.1 8 20 6.3 
4 8 3 1 12 4.7 5 15 6.4 6 22 5 3 2 3 21 6.6 8 27 6.8 4 2 3 13 5.5 7 16 4.9 9 2 4 11 6.2 7 14 4.5 
3 1 2 1 17 4.8 8 23 5.3 2 2 2 24 6.4 4 28 7 9 2 4 13 6.8 7 16 5.1 
3 7 2 2 10 6.9 5 13 7.8 2 2 2 13 5.9 4 17 6.5 4 2 3 10 6 7 13 5.4 
4 2 2 2 21 5.5 4 25 6.1 10 3 1 11 5 6 18 5.3 8 24 5.5 5 1 6 16 5.3 8 3 1 18 5.7 5 21 7.4 6 28 6 
4 1 2 1 8 5.2 8 14 5.7 6 2 3 16 6.2 5 19 7.6 5 1 6 18 6 10 3 1 9 6 6 16 6.3 8 22 6.5 
1 5 1 6 22 5.8 
4 7 2 2 18 6.6 5 21 7.5 10 3 1 21 5.3 6 28 5.6 8 34 5.8 6 2 3 21 5.9 5 24 7.3 4 2 3 11 6.1 7 14 5.5 
4 3 2 3 11 5.4 8 17 5.6 1 2 1 14 6.1 8 20 6.6 5 1 6 12 6.1 13 1 4 15 6.9 
4 1 2 1 18 5.7 8 24 6.2 5 1 6 18 6.5 10 3 1 19 5 6 26 5.3 8 32 5.5 3 2 3 9 6.1 8 15 6.3 
2 7 2 2 14 5.9 5 17 6.8 1 2 1 9 4.6 8 15 5.1 
4 8 3 1 12 4.8 5 15 6.5 6 22 5.1 3 2 3 21 5.3 8 27 5.5 4 2 3 13 5.7 7 16 5.1 9 2 4 11 7.5 7 14 5.8 
2 10 3 1 15 6.1 6 22 6.4 8 28 6.6 6 2 3 14 5.7 5 17 7.1 
4 5 1 6 18 6 7 2 2 13 6.3 5 16 7.2 10 3 1 13 5.6 6 20 5.9 8 26 6.1 2 2 2 21 6.1 4 25 6.7 
3 4 2 3 16 6.8 7 19 6.2 8 3 1 10 4.9 5 13 6.6 6 20 5.2 2 2 2 11 5.5 4 15 6.1 
5 2 2 2 21 6.5 4 25 7.1 10 3 1 11 5.8 6 18 6.1 8 24 6.3 3 2 3 15 4.9 8 21 5.1 4 2 3 14 5.6 7 17 5 5 1 6 22 6.2 
3 1 2 1 17 6.5 8 23 7 2 2 2 24 5.6 4 28 6.2 9 2 4 13 6.3 7 16 4.6 
4 3 2 3 11 6.4 8 17 6.6 1 2 1 14 5.7 8 20 6.2 5 1 6 12 6.2 13 1 4 15 6.7 
3 7 2 2 10 6 5 13 6.9 2 2 2 13 7.2 4 17 7.8 4 2 3 10 6.2 7 13 5.6 
4 7 2 2 18 7.3 5 21 8.2 10 3 1 21 5.4 6 28 5.7 8 34 5.9 6 2 3 21 5.3 5 24 6.7 4 2 3 11 6.7 7 14 6.1 
4 1 2 1 8 6.1 8 14 6.6 6 2 3 16 5.4 5 19 6.8 5 1 6 18 6.3 10 3 1 9 5.9 6 16 6.2 8 22 6.4 
2 6 2 3 8 5 5 11 6.4 2 2 2 10 6.8 4 14 7.4 
4 1 2 1 18 5.3 8 24 5.8 5 1 6 18 5.3 10 3 1 19 6.3 6 26 6.6 8 32 6.8 3 2 3 9 6.7 8 15 6.9 
4 2 2 2 21 6 4 25 6.6 10 3 1 11 5.8 6 18 6.1 8 24 6.3 5 1 6 16 5.7 8 3 1 18 5.1 5 21 6.8 6 28 5.4 
2 7 2 2 16 6.7 5 19 7.6 6 2 3 14 5.6 5 17 7 
3 7 2 2 10 5.6 5 13 6.5 2 2 2 13 5.9 4 17 6.5 4 2 3 10 6.1 7 13 5.5 
4 8 3 1 12 4.9 5 15 6.6 6 22 5.2 3 2 3 21 4.9 8 27 5.1 4 2 3 13 4.9 7 16 4.3 9 2 4 11 7 7 14 5.3 
2 9 2 4 14 7.5 7 17 5.8 10 3 1 7 4.5 6 14 4.8 8 20 5 
4 2 2 2 21 6.3 4 25 6.9 10 3 1 11 4.8 6 18 5.1 8 24 5.3 5 1 6 16 6.1 8 3 1 18 6.4 5 21 8.1 6 28 6.7 
3 4 2 3 16 5.8 7 19 5.2 8 3 1 10 5.3 5 13 7 6 20 5.6 2 2 2 11 7.2 4 15 7.8 
4 7 2 2 18 6.5 5 21 7.4 10 3 1 21 5.9 6 28 6.2 8 34 6.4 6 2 3 21 5.9 5 24 7.3 4 2 3 11 5.6 7 14 5 
5 2 2 2 21 5.9 4 25 6.5 10 3 1 11 5.1 6 18 5.4 8 24 5.6 3 2 3 15 5.9 8 21 6.1 4 2 3 14 5.4 7 17 4.8 5 1 6 22 4.9 
4 1 2 1 10 5.1 8 16 5.6 7 2 2 19 6.6 5 22 7.5 9 2 4 16 6.7 7 19 5 4 2 3 10 5.2 7 13 4.6 
2 6 2 3 8 6.4 5 11 7.8 2 2 2 10 6.7 4 14 7.3 
2 2 2 2 16 7 4 20 7.6 1 2 1 11 6.1 8 17 6.6 
2 9 2 4 14 7.7 7 17 6 10 3 1 7 6.3 6 14 6.6 8 20 6.8 
1 5 1 6 22 6 
2 2 2 2 10 7.3 4 14 7.9 9 2 4 23 7.4 7 26 5.7 
3 1 2 1 17 6.4 8 23 6.9 2 2 2 24 5.9 4 28 6.5 9 2 4 13 6.1 7 16 4.4 
5 2 2 2 21 7.2 4 25 7.8 10 3 1 11 4.6 6 18 4.9 8 24 5.1 3 2 3 15 6.3 8 21 6.5 4 2 3 14 5.7 7 17 5.1 5 1 6 22 6.6 
4 1 2 1 8 6 8 14 6.5 6 2 3 16 6.2 5 19 7.6 5 1 6 18 4.8 10 3 1 9 4.5 6 16 4.8 8 22 5 
4 2 2 2 21 5.3 4 25 5.9 10 3 1 11 4.7 6 18 5 8 24 5.2 5 1 6 16 6.2 8 3 1 18 5.5 5 21 7.2 6 28 5.8 
4 1 2 1 18 5.5 8 24 6 5 1 6 18 5.4 10 3 1 19 5.5 6 26 5.8 8 32 6 3 2 3 9 5.5 8 15 5.7 
2 6 2 3 8 5.5 5 11 6.9 2 2 2 10 7 4 14 7.6 
2 3 2 3 15 6.6 8 21 6.8 7 2 2 20 7.1 5 23 8 
4 4 2 3 14 6.2 7 17 5.6 10 3 1 16 5.6 6 23 5.9 8 29 6.1 5 1 6 17 5.6 7 2 2 20 5.5 5 23 6.4 
4 8 3 1 12 6.4 5 15 8.1 6 22 6.7 3 2 3 21 6.3 8 27 6.5 4 2 3 13 6.5 7 16 5.9 9 2 4 11 7.8 7 14 6.1 
5 2 2 2 21 7.1 4 25 7.7 10 3 1 11 5.2 6 18 5.5 8 24 5.7 3 2 3 15 6.1 8 21 6.3 4 2 3 14 5.5 7 17 4.9 5 1 6 22 6.7 
4 5 1 6 18 5.1 7 2 2 13 5.8 5 16 6.7 10 3 1 13 5 6 20 5.3 8 26 5.5 2 2 2 21 6.5 4 25 7.1 
4 7 2 2 18 5.8 5 21 6.7 10 3 1 21 4.7 6 28 5 8 34 5.2 6 2 3 21 6.3 5 24 7.7 4 2 3 11 5.1 7 14 4.5 
2 9 2 4 14 6.1 7 17 4.4 10 3 1 7 4.7 6 14 5 8 20 5.2 
1 5 1 6 22 6.1 
2 2 2 2 16 5.3 4 20 5.9 1 2 1 11 6 8 17 6.5 
3 4 2 3 16 5.9 7 19 5.3 8 3 1 10 5.6 5 13 7.3 6 20 5.9 2 2 2 11 5.5 4 15 6.1 
2 2 2 2 10 6.5 4 14 7.1 9 2 4 23 6.2 7 26 4.5 
4 8 3 1 12 6.1 5 15 7.8 6 22 6.4 3 2 3 21 4.9 8 27 5.1 4 2 3 13 6.6 7 16 6 9 2 4 11 6.4 7 14 4.7 
4 1 2 1 18 5 8 24 5.5 5 1 6 18 4.9 10 3 1 19 4.8 6 26 5.1 8 32 5.3 3 2 3 9 5.6 8 15 5.8 
2 10 3 1 15 4.5 6 22 4.8 8 28 5 6 2 3 14 6.4 5 17 7.8 
1 5 1 6 22 4.9 
2 9 2 4 14 7 7 17 5.3 10 3 1 7 6.3 6 14 6.6 8 20 6.8 
4 1 2 1 10 6.4 8 16 6.9 7 2 2 19 5.9 5 22 6.8 9 2 4 16 6.1 7 19 4.4 4 2 3 10 5.9 7 13 5.3 
4 3 2 3 11 6.1 8 17 6.3 1 2 1 14 5.2 8 20 5.7 5 1 6 12 6.5 13 1 4 15 7.5 
3 4 2 3 16 5 7 19 4.4 8 3 1 10 5.5 5 13 7.2 6 20 5.8 2 2 2 11 5.8 4 15 6.4 
3 7 2 2 10 7 5 13 7.9 2 2 2 13 6.8 4 17 7.4 4 2 3 10 6.5 7 13 5.9 
1 2 2 2 10 5.4 4 14 6 
4 1 2 1 8 5.5 8 14 6 6 2 3 16 5.4 5 19 6.8 5 1 6 18 5.6 10 3 1 9 6.1 6 16 6.4 8 22 6.6 
4 2 2 2 21 5.7 4 25 6.3 10 3 1 11 5.2 6 18 5.5 8 24 5.7 5 1 6 16 6.5 8 3 1 18 4.6 5 21 6.3 6 28 4.9 
2 7 2 2 14 7.2 5 17 8.1 1 2 1 9 4.5 8 15 5 
3 7 2 2 10 6.3 5 13 7.2 2 2 2 13 6.1 4 17 6.7 4 2 3 10 6.7 7 13 6.1 
2 2 2 2 10 6.3 4 14 6.9 9 2 4 23 7.5 7 26 5.8 
4 1 2 1 10 5.9 8 16 6.4 7 2 2 19 5.9 5 22 6.8 9 2 4 16 6.6 7 19 4.9 4 2 3 10 6.5 7 13 5.9 
4 5 1 6 18 5.1 7 2 2 13 6.4 5 16 7.3 10 3 1 13 6.4 6 20 6.7 8 26 6.9 2 2 2 21 6.2 4 25 6.8 
3 1 2 1 17 6.1 8 23 6.6 2 2 2 24 5.6 4 28 6.2 9 2 4 13 7.2 7 16 5.5 
4 1 2 1 18 4.8 8 24 5.3 5 1 6 18 5.3 10 3 1 19 6.1 6 26 6.4 8 32 6.6 3 2 3 9 5.9 8 15 6.1 
2 6 2 3 8 5.3 5 11 6.7 2 2 2 10 6.6 4 14 7.2 
2 7 2 2 16 6 5 19 6.9 6 2 3 14 6.8 5 17 8.2 
5 3 2 3 11 6.7 8 17 6.9 1 2 1 21 4.5 8 27 5 9 2 4 17 7 7 20 5.3 10 3 1 21 5.6 6 28 5.9 8 34 6.1 2 2 2 21 5.7 4 25 6.3 
4 8 3 1 12 6.2 5 15 7.9 6 22 6.5 3 2 3 21 6.8 8 27 7 4 2 3 13 6.5 7 16 5.9 9 2 4 11 7.4 7 14 5.7 
3 4 2 3 16 6.4 7 19 5.8 8 3 1 10 6.3 5 13 8 6 20 6.6 2 2 2 11 6.4 4 15 7 
2 5 1 6 18 6.1 2 2 2 16 6.5 4 20 7.1 
4 8 3 1 12 5.1 5 15 6.8 6 22 5.4 3 2 3 21 4.9 8 27 5.1 4 2 3 13 6.3 7 16 5.7 9 2 4 11 6.8 7 14 5.1 
2 7 2 2 14 5.8 5 17 6.7 1 2 1 9 6.5 8 15 7 
2 6 2 3 8 6.6 5 11 8 2 2 2 10 6.5 4 14 7.1 
4 3 2 3 11 6.6 8 17 6.8 1 2 1 14 4.7 8 20 5.2 5 1 6 12 5 13 1 4 15 7.5 
1 5 1 6 22 6.4 
2 9 2 4 14 5.9 7 17 4.2 10 3 1 7 5.2 6 14 5.5 8 20 5.7 
4 1 2 1 18 5.1 8 24 5.6 5 1 6 18 6.1 10 3 1 19 5.4 6 26 5.7 8 32 5.9 3 2 3 9 5.4 8 15 5.6 
3 4 2 3 16 5.4 7 19 4.8 8 3 1 10 5.2 5 13 6.9 6 20 5.5 2 2 2 11 6.6 4 15 7.2 
2 3 2 3 15 5.2 8 21 5.4 7 2 2 20 7.1 5 23 8 
4 8 3 1 12 5.8 5 15 7.5 6 22 6.1 3 2 3 21 5.6 8 27 5.8 4 2 3 13 6.1 7 16 5.5 9 2 4 11 6.6 7 14 4.9 
1 5 1 6 22 6.7 
3 1 2 1 17 4.9 8 23 5.4 2 2 2 24 6.5 4 28 7.1 9 2 4 13 6.9 7 16 5.2 
4 7 2 2 18 6.5 5 21 7.4 10 3 1 21 4.6 6 28 4.9 8 34 5.1 6 2 3 21 4.8 5 24 6.2 4 2 3 11 5.1 7 14 4.5 
4 2 2 2 21 7.2 4 25 7.8 10 3 1 11 5.1 6 18 5.4 8 24 5.6 5 1 6 16 6.1 8 3 1 18 5.9 5 21 7.6 6 28 6.2 
4 1 2 1 10 4.6 8 16 5.1 7 2 2 19 6.8 5 22 7.7 9 2 4 16 7.8 7 19 6.1 4 2 3 10 6 7 13 5.4 
3 7 2 2 10 7.1 5 13 8 2 2 2 13 7.1 4 17 7.7 4 2 3 10 6 7 13 5.4 
2 10 3 1 15 5.2 6 22 5.5 8 28 5.7 6 2 3 14 5.4 5 17 6.8 
2 9 2 4 14 6.9 7 17 5.2 10 3 1 7 6 6 14 6.3 8 20 6.5 
2 3 2 3 15 6.2 8 21 6.4 7 2 2 20 6.7 5 23 7.6 
2 6 2 3 8 6.8 5 11 8.2 2 2 2 10 5.6 4 14 6.2 
4 3 2 3 11 6.1 8 17 6.3 1 2 1 14 4.8 8 20 5.3 5 1 6 12 5.7 13 1 4 15 7.4 
2 7 2 2 16 6.1 5 19 7 6 2 3 14 6.1 5 17 7.5 
1 5 1 6 22 6.2 
2 2 2 2 10 6.4 4 14 7 9 2 4 23 5.9 7 26 4.2 
4 1 2 1 10 6 8 16 6.5 7 2 2 19 7 5 22 7.9 9 2 4 16 6.2 7 19 4.5 4 2 3 10 5.1 7 13 4.5 
1 2 2 2 10 6.6 4 14 7.2 
4 3 2 3 11 6.6 8 17 6.8 1 2 1 14 6.4 8 20 6.9 5 1 6 12 6.6 13 1 4 15 7 
3 4 2 3 16 5 7 19 4.4 8 3 1 10 4.5 5 13 6.2 6 20 4.8 2 2 2 11 6.7 4 15 7.3 
3 1 2 1 17 5.9 8 23 6.4 2 2 2 24 5.8 4 28 6.4 9 2 4 13 6.2 7 16 4.5 
4 4 2 3 14 5.7 7 17 5.1 10 3 1 16 5.3 6 23 5.6 8 29 5.8 5 1 6 17 5.6 7 2 2 20 6.8 5 23 7.7 
2 6 2 3 8 5.8 5 11 7.2 2 2 2 10 7.2 4 14 7.8 
2 9 2 4 14 7.8 7 17 6.1 10 3 1 7 5.6 6 14 5.9 8 20 6.1 
2 5 1 6 18 6 2 2 2 16 7.2 4 20 7.8 
5 3 2 3 11 6.4 8 17 6.6 1 2 1 21 4.6 8 27 5.1 9 2 4 17 6.7 7 20 5 10 3 1 21 6 6 28 6.3 8 34 6.5 2 2 2 21 6.8 4 25 7.4 
2 10 3 1 15 5.9 6 22 6.2 8 28 6.4 6 2 3 14 6.1 5 17 7.5 
4 7 2 2 18 7.2 5 21 8.1 10 3 1 21 5.9 6 28 6.2 8 34 6.4 6 2 3 21 5.1 5 24 6.5 4 2 3 11 6.6 7 14 6 
5 2 2 2 21 6.6 4 25 7.2 10 3 1 11 6 6 18 6.3 8 24 6.5 3 2 3 15 6.4 8 21 6.6 4 2 3 14 5.5 7 17 4.9 5 1 6 22 5.1 
3 4 2 3 16 5.5 7 19 4.9 8 3 1 10 4.9 5 13 6.6 6 20 5.2 2 2 2 11 5.9 4 15 6.5 
2 7 2 2 16 6.9 5 19 7.8 6 2 3 14 6 5 17 7.4 
2 10 3 1 15 5.5 6 22 5.8 8 28 6 6 2 3 14 6.7 5 17 8.1 
4 2 2 2 21 6.9 4 25 7.5 10 3 1 11 5.2 6 18 5.5 8 24 5.7 5 1 6 16 6.1 8 3 1 18 6.4 5 21 8.1 6 28 6.7 
4 8 3 1 12 4.7 5 15 6.4 6 22 5 3 2 3 21 6.8 8 27 7 4 2 3 13 6.5 7 16 5.9 9 2 4 11 7.5 7 14 5.8 
4 3 2 3 11 5.9 8 17 6.1 1 2 1 14 4.6 8 20 5.1 5 1 6 12 6.3 13 1 4 15 7.7 
2 6 2 3 8 4.9 5 11 6.3 2 2 2 10 6.3 4 14 6.9 
2 7 2 2 14 6.2 5 17 7.1 1 2 1 9 5 8 15 5.5 
4 1 2 1 18 6.3 8 24 6.8 5 1 6 18 6 10 3 1 19 6.1 6 26 6.4 8 32 6.6 3 2 3 9 4.9 8 15 5.1 
2 2 2 2 10 5.5 4 14 6.1 9 2 4 23 6.7 7 26 5 
5 3 2 3 11 5.5 8 17 5.7 1 2 1 21 4.7 8 27 5.2 9 2 4 17 6 7 20 4.3 10 3 1 21 5.5 6 28 5.8 8 34 6 2 2 2 21 7 4 25 7.6 
4 7 2 2 18 7.1 5 21 8 10 3 1 21 5.2 6 28 5.5 8 34 5.7 6 2 3 21 5.8 5 24 7.2 4 2 3 11 6.5 7 14 5.9 
4 1 2 1 8 4.8 8 14 5.3 6 2 3 16 5.4 5 19 6.8 5 1 6 18 6 10 3 1 9 5.9 6 16 6.2 8 22 6.4 
4 2 2 2 21 6.6 4 25 7.2 10 3 1 11 6.2 6 18 6.5 8 24 6.7 5 1 6 16 4.9 8 3 1 18 4.8 5 21 6.5 6 28 5.1 
2 10 3 1 15 6.3 6 22 6.6 8 28 6.8 6 2 3 14 6 5 17 7.4 
2 2 2 2 10 6.4 4 14 7 9 2 4 23 7.4 7 26 5.7 
2 5 1 6 18 5.9 2 2 2 16 7.3 4 20 7.9 
5 2 2 2 21 6.6 4 25 7.2 10 3 1 11 4.5 6 18 4.8 8 24 5 3 2 3 15 5.5 8 21 5.7 4 2 3 14 6.3 7 17 5.7 5 1 6 22 6.3 
2 6 2 3 8 5.2 5 11 6.6 2 2 2 10 7 4 14 7.6 
3 1 2 1 17 6.1 8 23 6.6 2 2 2 24 6.3 4 28 6.9 9 2 4 13 7.9 7 16 6.2 
1 2 2 2 10 5.3 4 14 5.9 
4 4 2 3 14 5.1 7 17 4.5 10 3 1 16 5.4 6 23 5.7 8 29 5.9 5 1 6 17 6.5 7 2 2 20 6.2 5 23 7.1 
2 2 2 2 10 5.6 4 14 6.2 9 2 4 23 5.9 7 26 4.2 
2 6 2 3 8 5.4 5 11 6.8 2 2 2 10 6 4 14 6.6 
3 4 2 3 16 6.7 7 19 6.1 8 3 1 10 4.7 5 13 6.4 6 20 5 2 2 2 11 5.5 4 15 6.1 
2 7 2 2 14 6.1 5 17 7 1 2 1 9 4.8 8 15 5.3 
2 3 2 3 15 6.1 8 21 6.3 7 2 2 20 5.7 5 23 6.6 
1 5 1 6 22 6.4 
4 1 2 1 18 6 8 24 6.5 5 1 6 18 5.7 10 3 1 19 6.2 6 26 6.5 8 32 6.7 3 2 3 9 6.2 8 15 6.4 
3 1 2 1 17 5.9 8 23 6.4 2 2 2 24 6.8 4 28 7.4 9 2 4 13 7.5 7 16 5.8 
2 10 3 1 15 5.4 6 22 5.7 8 28 5.9 6 2 3 14 6.1 5 17 7.5 
2 2 2 2 16 7.1 4 20 7.7 1 2 1 11 6.3 8 17 6.8 
3 7 2 2 10 5.9 5 13 6.8 2 2 2 13 6.4 4 17 7 4 2 3 10 6.2 7 13 5.6 
4 3 2 3 11 6.8 8 17 7 1 2 1 14 4.9 8 20 5.4 5 1 6 12 5.4 13 1 4 15 7.3 
4 5 1 6 18 5.9 7 2 2 13 7.1 5 16 8 10 3 1 13 4.6 6 20 4.9 8 26 5.1 2 2 2 21 5.6 4 25 6.2 
4 1 2 1 18 5.6 8 24 6.1 5 1 6 18 5.9 10 3 1 19 5.7 6 26 6 8 32 6.2 3 2 3 9 5.6 8 15 5.8 
3 1 2 1 17 5.8 8 23 6.3 2 2 2 24 7.2 4 28 7.8 9 2 4 13 7.7 7 16 6 
4 3 2 3 11 5.7 8 17 5.9 1 2 1 14 5.7 8 20 6.2 5 1 6 12 6 13 1 4 15 5.9 
2 2 2 2 10 7 4 14 7.6 9 2 4 23 6.2 7 26 4.5 
4 2 2 2 21 5.6 4 25 6.2 10 3 1 11 5.3 6 18 5.6 8 24 5.8 5 1 6 16 5.7 8 3 1 18 5.6 5 21 7.3 6 28 5.9 
1 5 1 6 22 5 
4 5 1 6 18 6.7 7 2 2 13 5.6 5 16 6.5 10 3 1 13 6 6 20 6.3 8 26 6.5 2 2 2 21 6.5 4 25 7.1 
4 8 3 1 12 5.7 5 15 7.4 6 22 6 3 2 3 21 5.3 8 27 5.5 4 2 3 13 6.1 7 16 5.5 9 2 4 11 6.7 7 14 5 
2 7 2 2 16 5.7 5 19 6.6 6 2 3 14 5.8 5 17 7.2 
4 1 2 1 10 6.3 8 16 6.8 7 2 2 19 6.8 5 22 7.7 9 2 4 16 6.3 7 19 4.6 4 2 3 10 6.5 7 13 5.9 
4 7 2 2 18 7 5 21 7.9 10 3 1 21 5 6 28 5.3 8 34 5.5 6 2 3 21 4.9 5 24 6.3 4 2 3 11 6.3 7 14 5.7 
2 3 2 3 15 6.7 8 21 6.9 7 2 2 20 5.7 5 23 6.6 
2 7 2 2 14 6.8 5 17 7.7 1 2 1 9 6 8 15 6.5 
1 2 3 1 2 3 1 2 3 1 2 3 1 10 15 
30 60 10 30 60 10 30 60 10 -842150451 -842150451 -842150451 -842150451 -842150451 -842150451 
5 6 7 5 6 7 5 6 7 5 6 7 5 6 7 
12 15 18 23 25 16 15 20 